polyhedron(points=[[27.008911831974984,0.30577337443828556,0.48378922969102955],[27.834038301706315,2.819047907590865,8.089978731274606],[20.880594777464864,1.0923404562473293,4.262472319602967],[25.127526389360426,9.427123898863794,0.5653310760855668],[27.380289236912134,5.450837575256721,7.785605325175699]],faces=[[0,1,2],[3,0,2],[0,3,4],[1,0,4],[3,2,4],[2,1,4]]);
polyhedron(points=[[15.439392963647844,0.30829055115580717,30.88339744482189],[12.73560826778412,2.254542146176101,23.330633033141496],[10.577464916706086,7.5465051409602175,31.938957184255123],[6.134962161779404,1.7918518838286404,29.48271318923682]],faces=[[0,1,2],[0,2,3],[2,1,3],[1,0,3]]);
polyhedron(points=[[26.40301457107067,5.529082435369492,31.238081465139985],[23.953595348000526,4.126833572983738,40.58752768598497],[16.700469476431607,0.314785411655901,38.19803994245827],[19.219819214195013,8.845847723186017,37.52250440724194],[25.89261515628511,8.205487082330361,37.3560470439456]],faces=[[0,1,2],[0,2,3],[2,1,3],[1,0,4],[0,3,4],[3,1,4]]);
polyhedron(points=[[27.399967057108878,6.722084793001416,44.15602064102888],[24.09585503935814,3.245811743885279,48.71848370164633],[29.123385130763054,10.46660715922713,48.7553013920784],[34.908034938573834,0.9555188956856746,45.66497286170721],[28.660500502545858,0.31826146306612557,49.04461839056012]],faces=[[0,1,2],[3,0,2],[1,0,4],[0,3,4],[3,2,4],[2,1,4]]);
polyhedron(points=[[32.244617628864944,0.3329496711492532,24.606735903322697],[26.50958983499557,1.9233742213249192,28.824378319978713],[33.79708201359958,10.088190727829932,26.412401212751867],[33.18448538240045,2.975048862099645,32.956829539835454]],faces=[[0,1,2],[0,2,3],[2,1,3],[1,0,3]]);
polyhedron(points=[[20.720885063409806,9.867439568191767,48.07807920292019],[19.99669601649046,4.799048629701137,40.12434679031372],[15.948262404501438,1.175958927273749,47.33515854388475],[23.968400764614344,0.8665740315616128,48.76521501943469],[17.126573251133703,0.3383507893988389,48.88057048690052]],faces=[[0,1,2],[1,0,3],[0,2,4],[1,3,4],[3,0,4],[2,1,4]]);
polyhedron(points=[[30.749109638631342,4.360186032354832,9.717826231475918],[33.99840423375368,10.756182374060156,1.6713166455551964],[25.713990744650367,8.536932921707631,0.8056231453269702],[33.63584260702133,0.34593845844268856,3.293529093507676],[36.1027358564217,8.087609593476694,0.8782069011919265]],faces=[[0,1,2],[0,2,3],[2,1,4],[0,3,4],[3,2,4],[1,0,4]]);
polyhedron(points=[[32.854124248325824,6.983265842348336,24.5054676759243],[34.33203624397517,0.35250308141112097,24.81604750752449],[31.42802208870649,2.8479448448121563,15.796337078809739],[26.28149852335453,0.6542678698897362,22.717766054868697]],faces=[[0,1,2],[0,2,3],[2,1,3],[1,0,3]]);
polyhedron(points=[[37.0717105551064,12.413612118065359,39.53730356812477],[35.738726775199176,1.7313129240274439,34.36698987185955],[42.39434462502599,0.3535890778899171,44.082808383107185],[45.81250330910087,8.306498881280422,36.52885461390019],[47.65534492245605,4.181811048678705,38.16365529481034]],faces=[[0,1,2],[1,0,3],[0,2,4],[1,3,4],[3,0,4],[2,1,4]]);
polyhedron(points=[[23.04489240080118,1.9117706707119941,8.168239353690296],[14.491587573364377,7.982247769609094,12.106371119190008],[14.730772088691593,2.297369315847755,16.319902748316526],[12.670772599652409,0.35618568100035297,3.993171288920566]],faces=[[0,1,2],[0,2,3],[2,1,3],[1,0,3]]);
polyhedron(points=[[37.387947090016674,0.4603641349449754,5.737679850198329],[47.125276380940335,2.590077492557466,4.808788501285016],[41.678697353410534,2.690981502272188,14.215014711655677],[42.85831583056599,9.543269671574235,4.764441264644265]],faces=[[0,1,2],[0,2,3],[2,1,3],[1,0,3]]);
polyhedron(points=[[25.056469151377676,0.4751852646376937,28.570775082707403],[21.215321812331677,6.779267461197453,25.447597344517707],[28.912615446448328,7.061785093918442,26.12910776376724],[23.883077796399593,7.089867997821421,31.953218367099762]],faces=[[0,1,2],[0,2,3],[2,1,3],[1,0,3]]);
polyhedron(points=[[4.108109203577042,4.980820361077785,0.481397193670273],[9.278458155095576,0.49987555310130016,2.671403406858444],[5.044370147287846,9.111107634902002,8.96589158654213],[13.618166057169438,10.333877814114093,2.7273933947086335],[13.559584362896436,6.840248994999841,4.2031223288756605]],faces=[[0,1,2],[0,2,3],[1,0,3],[2,1,4],[1,3,4],[3,2,4]]);
polyhedron(points=[[31.034197560995818,5.621440716832877,29.19953513778746],[26.86588053584099,6.0507608443498615,41.92493535459042],[32.867465640902516,0.5167277324199677,36.32511811181903],[23.764237176477906,1.8833696065843109,33.308476794995364]],faces=[[0,1,2],[0,2,3],[2,1,3],[1,0,3]]);
polyhedron(points=[[35.29666351753753,3.2658367821574212,35.90001019120217],[36.49290197643451,6.223651991784573,44.7904627853632],[35.757128100991245,0.6177689647674569,44.21183390617371],[29.758356851469728,3.0021283861994723,42.288665757775306],[35.93957643221139,8.647910530949256,40.163310154237166]],faces=[[0,1,2],[1,3,2],[3,0,2],[1,0,4],[0,3,4],[3,1,4]]);
polyhedron(points=[[22.21589190326631,0.6234789029136278,25.398082339949905],[22.345927697457373,8.501282154135406,21.899981842599807],[19.23736107110977,1.2114266575872912,20.077286265045405],[28.737076047994197,4.035301061272622,17.138213999271393]],faces=[[0,1,2],[0,2,3],[2,1,3],[1,0,3]]);
polyhedron(points=[[21.112901394665244,7.686374555677176,20.17428355693817],[17.430198475420475,2.8655596016347413,15.53343845844269],[15.495837585031987,0.676150398701429,21.708868412971494],[24.421301884353163,1.3929046380519878,17.003696160912515],[18.584445460379445,2.734575400078519,12.970127347417918]],faces=[[0,1,2],[3,0,2],[1,0,4],[0,3,4],[3,2,4],[2,1,4]]);
polyhedron(points=[[7.236026030778884,0.7694389611482628,14.06058966934681],[2.85079358279705,0.6832911983132353,9.334056800156832],[6.560821813941002,8.998097714185715,10.491070087552071],[0.2013432401418691,5.999961719214917,11.174525723159313]],faces=[[0,1,2],[0,2,3],[2,1,3],[1,0,3]]);
polyhedron(points=[[12.370105849802494,2.829135924130676,31.802030166089537],[1.5598494964838023,1.6169867439568013,29.489467288553715],[4.601205754280091,8.697657827436924,35.49666701257229],[4.32284674614668,0.7786313739419013,37.39277727007866]],faces=[[0,1,2],[0,2,3],[2,1,3],[1,0,3]]);
polyhedron(points=[[41.27192289918661,0.7830390992760661,16.76476423740387],[46.92914146892726,0.9404627570509914,19.673302257061003],[44.69681270726025,3.804772939309478,23.931064051389694],[45.15274410240352,7.613286456093192,17.250094670057294]],faces=[[0,1,2],[0,2,3],[2,1,3],[1,0,3]]);
polyhedron(points=[[48.92222624778748,1.0263345646858237,29.423598591685295],[44.9720041924715,6.508170385956767,28.45126956522465],[46.247423874139784,2.625226103067401,35.148332416415215],[42.79269889414311,0.7937543934583653,27.603460572957992],[43.93869687154314,2.879467660869539,35.32358914341046]],faces=[[0,1,2],[0,2,3],[1,0,3],[2,1,4],[1,3,4],[3,2,4]]);
polyhedron(points=[[4.945364849567413,2.318184850811958,8.440125750601291],[10.849789307117462,0.7948088711500163,9.75815371632576],[12.046105596721173,8.881995323300362,11.23176921904087],[11.246787903010844,1.707588830590249,3.559619611799717]],faces=[[0,1,2],[0,2,3],[2,1,3],[1,0,3]]);
polyhedron(points=[[11.445123127400874,2.7218561906134697,25.032487507015468],[15.142912131845952,2.60278688278515,18.5889263600111],[8.60482057824731,7.368652449445801,21.580043914318086],[6.143968009948731,0.8115338271716603,21.212209722101687],[14.75470112461132,0.8010365048788168,18.72811163065958]],faces=[[0,1,2],[0,2,3],[2,1,3],[1,0,4],[0,3,4],[3,1,4]]);
polyhedron(points=[[16.752828594595194,0.8618786969780912,30.989983696937557],[19.482508911788464,7.595667794942855,31.553480332791807],[11.792309537231922,8.7222898966074,35.55678578436375],[13.88196195065975,5.809870526194574,27.57933859944344]],faces=[[0,1,2],[0,2,3],[2,1,3],[1,0,3]]);
polyhedron(points=[[12.56349339812994,0.8796251757908613,44.15019394863397],[13.142821311056615,6.485026029953732,43.868838916793464],[18.73630791991949,2.9929306593630467,39.04279742341489],[15.868263576328754,2.7299671330768622,48.01703093864023]],faces=[[0,1,2],[0,2,3],[2,1,3],[1,0,3]]);
polyhedron(points=[[8.486287666559221,8.030486446619035,42.82831278294324],[5.172959125041962,3.6227795314788827,39.23490609645843],[8.666022768616678,0.8966314369440092,43.81598919421434],[10.931088921427726,1.6332327741384498,38.81880052238703],[7.584909551125281,4.033943689789341,36.907000123191004]],faces=[[0,1,2],[1,3,2],[3,0,2],[1,0,4],[0,3,4],[3,1,4]]);
polyhedron(points=[[12.19308933019638,5.304792233370245,11.306025549173354],[17.202010333538055,6.753699816837907,18.008418893516062],[12.815364450216293,0.9286765808984629,14.751266560852526],[9.787717916369438,5.004096794575453,20.6721115604043]],faces=[[0,1,2],[0,2,3],[2,1,3],[1,0,3]]);
polyhedron(points=[[38.55176447600126,6.598782713115215,16.758023291528225],[32.77929671764374,3.4666910254955274,18.9208270534873],[41.46830141037702,0.9701716366410249,18.829218181371687],[39.15397636383772,1.064021801054479,11.517912451922893],[37.09340342910564,6.734329549813392,15.023056305453714]],faces=[[0,1,2],[1,3,2],[3,0,2],[1,0,4],[0,3,4],[3,1,4]]);
polyhedron(points=[[40.79398245096207,6.998937992751595,35.22110063821077],[45.772772984206675,9.07195431560278,28.356026250123982],[37.656506424546244,8.666419245302679,28.04448231220245],[39.042625617086884,0.99717273622751,32.26968385726214]],faces=[[0,1,2],[0,2,3],[2,1,3],[1,0,3]]);
polyhedron(points=[[37.806754327993836,1.1842001038044696,45.40885970139876],[37.27232044870034,9.598230171501635,41.5077726753056],[44.73718554450199,6.081861031949517,49.55037386216223],[33.96286365456879,6.069625576995311,49.378220082828776]],faces=[[0,1,2],[0,2,3],[2,1,3],[1,0,3]]);
polyhedron(points=[[2.153318189382553,9.6405988740921,26.503983364105224],[0.20251602321863205,6.5129450291395194,33.94833351254463],[6.985626326799393,7.015271735191346,32.33093396186829],[2.632029489576815,1.395853976607321,26.075949083566663]],faces=[[0,1,2],[0,2,3],[2,1,3],[1,0,3]]);
polyhedron(points=[[0.21774166941642825,3.655578783750534,0.9305887910723687],[1.1406419569626445,1.4462246160209178,9.123513326793908],[0.8797539689391849,10.189458154737949,8.570789055973291],[7.154226148240268,2.136057987362147,6.3320737753808505]],faces=[[0,1,2],[0,2,3],[2,1,3],[1,0,3]]);
polyhedron(points=[[1.1014378374814988,10.91537634134293,33.39662379682064],[9.114729890823364,6.506202209591864,39.18983853757381],[2.0583947098255155,1.601556369662286,37.10499171078205],[0.00454479247331574,12.299815816283225,41.50439520150423]],faces=[[0,1,2],[0,2,3],[2,1,3],[1,0,3]]);
polyhedron(points=[[7.712169093862175,3.5075496056675903,42.41463299453258],[1.7170398026704794,12.13173897922039,42.97148699656129],[1.8937322042137383,4.021272219121456,46.3797283397615],[0.24571919716894675,1.6676643499732018,37.75270768508315]],faces=[[0,1,2],[0,2,3],[2,1,3],[1,0,3]]);
polyhedron(points=[[34.946733338022604,6.965391799863429,4.405193443503231],[34.45737397663295,8.716513681309296,10.623424765588712],[40.04754989074543,2.547492075264454,10.620821583271026],[31.143073762208225,2.1317166161909693,9.29238670978695]],faces=[[0,1,2],[0,2,3],[2,1,3],[1,0,3]]);
polyhedron(points=[[20.18815843999386,8.955829140543937,6.4103136409074075],[15.821790911257267,3.2088518726825703,1.6792154490947722],[20.275411286354064,2.142380422949791,5.930098291486502],[22.111782219707965,4.4310464191436765,0.9761149879544968]],faces=[[0,1,2],[0,2,3],[2,1,3],[1,0,3]]);
polyhedron(points=[[22.32582971997559,9.12122631728649,4.2124544829130155],[20.709203669950366,2.3673991133272647,11.662531067728997],[15.902332101091742,8.25865324370563,11.658919830024242],[25.241727362275125,9.051422437652946,13.468261701762675],[27.023365896686048,10.369222211829872,10.660139790573082]],faces=[[0,1,2],[2,1,3],[0,2,4],[2,3,4],[1,0,4],[3,1,4]]);
polyhedron(points=[[28.870363345146178,6.849545132853088,33.13418682694435],[27.921875342726707,6.349746679440141,39.63606132015586],[35.18118152916431,12.3702979041636,40.10620687648654],[32.659479484558105,2.512926551476122,37.69677817672491]],faces=[[0,1,2],[0,2,3],[2,1,3],[1,0,3]]);
polyhedron(points=[[28.812704564507584,7.784428456425665,15.136978021264078],[28.609794915805107,2.7169414579868327,22.685905283689497],[23.91249808417633,7.499935545623304,22.727982060611247],[30.06205989476294,8.052663785219194,22.24602592587471]],faces=[[0,1,2],[0,2,3],[2,1,3],[1,0,3]]);
polyhedron(points=[[9.094519295096397,3.045025968551636,13.627281409054996],[4.301939856708049,7.224435673356057,17.381254672333597],[1.3827929738163949,8.389914092421531,11.275336006209255],[9.53086826711893,12.984737915396689,10.430669915527105]],faces=[[0,1,2],[0,2,3],[2,1,3],[1,0,3]]);
polyhedron(points=[[49.722429185807705,10.059266457557676,34.58265302449465],[48.72198663413525,3.1313877320289585,43.99569785058499],[40.480170883312816,10.136865819096565,39.92655079632997],[47.538723883777855,10.903685333728788,44.68372636139393]],faces=[[0,1,2],[0,2,3],[2,1,3],[1,0,3]]);
polyhedron(points=[[10.559232633262873,5.745063541270792,28.48729377195239],[7.173828412741424,6.436059216782449,20.877808543350547],[4.626388889849186,10.867411964945495,24.905644701551648],[4.558982108980418,3.14956221792847,25.34694898488],[3.0442533955592777,9.05306474871708,26.728526644634105]],faces=[[0,1,2],[1,0,3],[0,2,4],[1,3,4],[3,0,4],[2,1,4]]);
polyhedron(points=[[21.41011538386345,11.770435626357795,11.715325093865394],[23.154385486245154,3.2550505850464084,16.457775516211985],[15.692958642840384,6.134318041428923,14.174044114649297],[18.899105597138405,10.084899421632288,19.91007326155901]],faces=[[0,1,2],[0,2,3],[2,1,3],[1,0,3]]);
polyhedron(points=[[0.04680742084980061,3.761477432101964,16.520149643421174],[1.5617259582877152,8.51703297778964,19.93713875412941],[1.257756254971027,8.13376316741109,10.410900733768939],[6.312847785651684,3.7133723351359365,16.12679939299822]],faces=[[0,1,2],[0,2,3],[2,1,3],[1,0,3]]);
polyhedron(points=[[34.042092716097834,9.89101180329919,37.741609351933],[37.13253314733505,3.7373446340858933,32.55589260071516],[36.53129195421934,9.295506203323601,28.586012306213377],[30.412638557255267,6.817733618468049,31.13662467241287]],faces=[[0,1,2],[0,2,3],[2,1,3],[1,0,3]]);
polyhedron(points=[[46.474454404348506,3.7495657746493816,25.09794601390138],[43.7942957754666,11.593799228891733,22.903099161321297],[42.1779830085393,7.537191925942899,18.499831023029984],[47.68350835576188,8.432910427749155,18.38075380526483]],faces=[[0,1,2],[0,2,3],[2,1,3],[1,0,3]]);
polyhedron(points=[[34.27373138666153,5.942812516093255,47.94868842035532],[28.729296433329583,10.73333308964968,46.67839090943337],[28.445837836265564,4.043555468618873,42.29493022948503],[32.540298330187795,10.226347235143185,41.21614496916533]],faces=[[0,1,2],[0,2,3],[2,1,3],[1,0,3]]);
polyhedron(points=[[11.775953053683043,4.225769642293454,25.58169845223427],[12.665396425761283,12.961284947842358,22.235273605585096],[17.703980149314738,5.516265385746957,19.357799749970436],[19.944605810190552,9.01280573040247,27.423300338983534],[15.594286834404487,5.3071221963336175,28.072020100542503]],faces=[[0,1,2],[2,1,3],[0,2,4],[2,3,4],[1,0,4],[3,1,4]]);
polyhedron(points=[[17.804686036356728,5.480892336815597,47.99703001957386],[17.563063462213613,4.344786222428084,39.35242010619491],[21.733484131605366,9.56957794740796,42.512680030614135],[13.206101430943239,10.217229241132737,42.45801101554185]],faces=[[0,1,2],[0,2,3],[2,1,3],[1,0,3]]);
polyhedron(points=[[32.368544814884665,15.453605126142502,7.68245495557785],[25.0531473316066,15.595934078097343,14.691092343926428],[30.43946789637208,4.623852181136607,11.359791910648347],[27.43064150987193,7.451381697952747,3.6989731866121307],[33.6610188238215,9.951227024725645,6.476444817705726]],faces=[[0,1,2],[1,0,3],[2,1,3],[0,2,4],[2,3,4],[3,0,4]]);
polyhedron(points=[[47.527518404722215,9.923074060082435,30.096756722331044],[48.41825664162636,12.753072873950005,35.184348548352716],[47.29115100681782,4.624064438939095,31.635369133055207],[42.133967714607714,8.887957578897476,34.34912602245808]],faces=[[0,1,2],[0,2,3],[2,1,3],[1,0,3]]);
polyhedron(points=[[10.529181036390362,4.9173528675735,40.77034767352045],[8.880712345167993,13.741291737779976,40.04044634059072],[15.256630046591164,9.06765378754586,46.06428073659539],[7.227378569059075,6.780944398753345,46.707226173356176]],faces=[[0,1,2],[0,2,3],[2,1,3],[1,0,3]]);
polyhedron(points=[[32.03254874587059,14.344495077133178,17.6791171002388],[40.39431635499,9.717608432769776,21.33580435156822],[32.41784016571939,5.298877430558205,17.395481625795362],[32.48815070562065,7.751256771683693,25.457248824834824],[36.170463725709375,9.438419246252305,24.525065112503903]],faces=[[0,1,2],[1,3,2],[3,0,2],[1,0,4],[0,3,4],[3,1,4]]);
polyhedron(points=[[19.57151926293969,5.598721817508339,40.4574530762434],[24.523546287417414,18.701534041166305,36.77380970835685],[29.784695746004584,9.322283198237418,36.59843572199345],[28.462179412692784,12.921381560787559,44.4844259673357]],faces=[[0,1,2],[0,2,3],[2,1,3],[1,0,3]]);
polyhedron(points=[[39.20850214451551,18.387317628413438,4.164459257647396],[38.83250992393121,5.688485825732347,1.5088621458783749],[32.58782703109085,10.00863882578909,14.142500367425383],[42.48498031467199,8.389242170378568,13.89347664091736]],faces=[[0,1,2],[0,2,3],[2,1,3],[1,0,3]]);
polyhedron(points=[[19.94342752426863,9.484902091026306,40.342901998758315],[12.735218782722951,17.313389714956283,39.184925293922426],[10.485122700035571,5.762508085966111,39.442983868718144],[13.915264244079589,13.238015264272688,31.49458629488945],[16.444436048915023,6.252079967534396,37.53405586809478]],faces=[[0,1,2],[1,0,3],[2,1,3],[0,2,4],[2,3,4],[3,0,4]]);
polyhedron(points=[[12.93723364368081,10.445214984416962,25.483400266170502],[9.423115649819374,5.9955021262168895,18.161485838294027],[10.604459254443647,13.669738547801973,14.838020072877407],[4.018303906023501,9.14562343239784,21.93126650840044]],faces=[[0,1,2],[0,2,3],[2,1,3],[1,0,3]]);
polyhedron(points=[[2.3761221992969506,9.406699921218678,0.00077311359345833],[8.685238209962845,9.64084868450649,3.7863283626735202],[2.273372260928154,6.234273550724611,4.234123175889253],[3.2677521270513536,12.41950117630884,6.745928688645362],[7.735850432299618,11.394562641000583,6.786950180001623]],faces=[[0,1,2],[3,0,2],[1,0,4],[0,3,4],[3,2,4],[2,1,4]]);
polyhedron(points=[[10.17965088892728,12.571272398978472,31.076008536294104],[10.594817566275598,6.37701596915722,27.882479947209358],[15.884167906530202,13.603007602244617,25.45867756344378],[6.970620732568204,13.074927126914263,27.102426147684454]],faces=[[0,1,2],[0,2,3],[2,1,3],[1,0,3]]);
polyhedron(points=[[30.818079279065135,9.360322816967962,29.515347159989176],[26.84939713060856,12.546608229875563,33.53460668753832],[35.44145114213228,13.277487413883211,34.42473146699369],[28.220877449512482,6.419169158339498,35.12650195151567]],faces=[[0,1,2],[0,2,3],[2,1,3],[1,0,3]]);
polyhedron(points=[[6.406793182790279,12.05852341145277,29.938681414574386],[10.989690604060891,6.424634782075884,35.489830205589534],[1.598579643368721,12.819801496863365,36.78897637709975],[12.124212174862626,15.629826425015926,38.97687930330634]],faces=[[0,1,2],[0,2,3],[2,1,3],[1,0,3]]);
polyhedron(points=[[41.61375018775463,13.893155487477781,20.89888477027416],[37.37669115960598,8.738396440297365,17.520425269156693],[43.278492256999016,6.5237733501195905,15.815260277986525],[39.30232035696506,12.321862496286633,10.887784486562014]],faces=[[0,1,2],[0,2,3],[2,1,3],[1,0,3]]);
polyhedron(points=[[47.77323048651218,16.51730862423777,2.922202221006155],[40.39766785234213,7.058760019317267,4.672011526077986],[39.17347973048687,16.56977800786495,0.8534513700008399],[43.32080294132233,15.342240337729457,9.683052921742199]],faces=[[0,1,2],[0,2,3],[2,1,3],[1,0,3]]);
polyhedron(points=[[47.543919507712125,9.940669173300265,20.775517321825028],[45.2832604148984,5.135789273530246,26.106281671524048],[43.30139151059091,12.94169824704528,27.28771200239658],[49.19708300694823,11.535422920137645,26.42295127272606],[46.95399056207305,10.022404776643764,29.8629405178525]],faces=[[0,1,2],[0,2,3],[1,0,3],[2,1,4],[1,3,4],[3,2,4]]);
polyhedron(points=[[21.867776451911777,7.560476054102184,25.790726197063922],[20.09286179050803,16.961124990582466,31.186370574235916],[15.387665922101586,13.679761702120304,24.4954223549366],[24.037959651835262,18.044825980216267,22.44827026873827],[21.15451340767476,9.893742186799848,22.945630608721103]],faces=[[0,1,2],[1,0,3],[2,1,3],[0,2,4],[2,3,4],[3,0,4]]);
polyhedron(points=[[35.23529693961144,9.329552103951576,27.875910410135987],[41.12117326259613,15.925129050835965,29.93173785254359],[38.03709671139717,15.237489821463825,23.292888289093973],[43.95137660622597,7.57494617640972,24.09089883029461]],faces=[[0,1,2],[0,2,3],[2,1,3],[1,0,3]]);
polyhedron(points=[[23.88606257915497,12.138742730915546,9.277863844670355],[24.385538021922113,7.828907497525215,3.6889333146065475],[23.631546490192413,16.203576024770737,1.268391102813185],[16.507964193820953,10.348302024900914,2.1726270212605585]],faces=[[0,1,2],[0,2,3],[2,1,3],[1,0,3]]);
polyhedron(points=[[36.87999721765519,15.018174452185633,42.499456830620765],[35.16273653239012,8.386848757863042,46.60961902797222],[39.09264579951763,15.798739142417908,48.44512783527374],[41.953964081406596,7.8837712866067875,46.02631791770458]],faces=[[0,1,2],[0,2,3],[2,1,3],[1,0,3]]);
polyhedron(points=[[16.803975432664156,10.131950474977494,8.123804861158131],[10.984392881691456,9.43735543012619,14.70825583845377],[9.007735739201308,8.543995278254151,8.625843984037637],[9.770513179451227,14.115321725681424,9.790916262716054]],faces=[[0,1,2],[0,2,3],[2,1,3],[1,0,3]]);
polyhedron(points=[[30.260040855780247,11.423642468899487,29.971122279167176],[29.608444661051035,16.94218943372369,22.681303191184995],[23.5384854952991,9.967918276190758,26.455377677679063],[31.59869898263365,8.59554150313139,21.817906032800675]],faces=[[0,1,2],[0,2,3],[2,1,3],[1,0,3]]);
polyhedron(points=[[0.0056680595874789574,8.787040147930385,21.244529364332557],[0.35160851359367573,8.621856810450554,14.73287511050701],[7.094234962463379,12.19699217453599,16.409268816038967],[1.4576608228683468,16.265293422937393,15.68777240164578],[6.5038341463788125,12.31578433990218,14.11116663121862]],faces=[[0,1,2],[0,2,3],[1,0,3],[2,1,4],[1,3,4],[3,2,4]]);
polyhedron(points=[[40.60235705167055,14.932739986777303,22.42718598037958],[36.271863172203304,8.792722540795802,14.688406617939473],[41.99360389664769,18.962099904716013,11.224847308099271],[31.4919012875855,15.930946063697338,18.243589649498464]],faces=[[0,1,2],[0,2,3],[2,1,3],[1,0,3]]);
polyhedron(points=[[10.061145593523978,8.910365846157074,1.7983858875930316],[6.887032602429391,11.44369436264038,6.4742444999516024],[2.4325601565837864,9.944236515164375,0.9651425617933276],[7.9249543190002445,15.626938932538032,1.2783532211184498],[8.788154018339911,11.687184282699425,6.680283274942292]],faces=[[0,1,2],[1,3,2],[3,0,2],[1,0,4],[0,3,4],[3,1,4]]);
polyhedron(points=[[20.411029281020163,12.21532884925604,17.703333313316108],[16.546128423213958,15.454713198244571,11.376641456037762],[11.178105206489562,10.870693286061286,17.116762433722617],[16.956106554865837,8.996759674847127,9.746655544042587]],faces=[[0,1,2],[0,2,3],[2,1,3],[1,0,3]]);
polyhedron(points=[[23.50971394568682,12.678389636874197,25.023461811095476],[23.07526370361447,18.08346129775047,16.304961399435996],[25.697405856847766,9.039934786558149,16.589734989702702],[31.32242727458477,15.76159123659134,16.847743163406847]],faces=[[0,1,2],[0,2,3],[2,1,3],[1,0,3]]);
polyhedron(points=[[4.109676056690513,14.454003237485887,39.640887099206445],[5.891425634808835,15.021776778697966,48.09411149889231],[9.549007012173533,9.50746396958828,46.417849995195866],[0.4000379971042278,9.380276851058007,47.56966913312674]],faces=[[0,1,2],[0,2,3],[2,1,3],[1,0,3]]);
polyhedron(points=[[31.406803352981804,8.466331242173911,25.10037756111473],[30.934151842854916,14.097937951087953,31.477979443222285],[29.553974816724658,17.62018574953079,25.131619567573072],[38.033794343285265,13.792940804511307,27.02950189191848],[34.22238788751897,13.687465134302972,31.69531508703375]],faces=[[0,1,2],[3,0,2],[1,0,4],[0,3,4],[3,2,4],[2,1,4]]);
polyhedron(points=[[4.192718257717787,12.658182660639286,22.12608476566151],[3.657793474495411,9.474513947293161,28.153249128363093],[0.23932293493300527,15.879785929992796,29.71294435183052],[8.561931145600974,16.117169825807213,27.398891092506236],[7.567548494686062,16.320158868855966,27.830941376969573]],faces=[[0,1,2],[1,0,3],[0,2,4],[1,3,4],[3,0,4],[2,1,4]]);
polyhedron(points=[[24.180301222801205,15.82978674143553,48.39721973776817],[21.266747968792917,12.986536670327187,41.13666621387004],[19.99752371430397,10.983615933954717,48.833112063705926],[28.254187161922452,9.488601807951929,48.25083844035864]],faces=[[0,1,2],[0,2,3],[2,1,3],[1,0,3]]);
polyhedron(points=[[19.436802933216097,12.358105941750106,47.46497062161565],[12.91986614108086,11.17217126060277,41.691653564125296],[20.385647572875023,9.921919339746236,41.26144840463996],[19.670150526165962,16.69204165134579,41.86626988351345]],faces=[[0,1,2],[0,2,3],[2,1,3],[1,0,3]]);
polyhedron(points=[[17.711460667103527,18.32304817289114,29.871661941707135],[19.35945654690266,10.030296127796174,27.18589066505432],[17.01933478668332,10.262770511507988,35.02830646634102],[25.17890235468745,13.358473111093044,34.75703914374113],[22.953760429206373,17.070944183250877,33.885627727123705]],faces=[[0,1,2],[2,1,3],[0,2,4],[2,3,4],[1,0,4],[3,1,4]]);
polyhedron(points=[[0.4373733991384514,10.097187767326831,21.556106793284417],[2.371092971563338,15.643992736935616,26.429666387438775],[0.5332144045829774,17.1763201212883,17.383326140642165],[5.84974506020546,13.964642331600189,20.09805037975311]],faces=[[0,1,2],[0,2,3],[2,1,3],[1,0,3]]);
polyhedron(points=[[46.975742399692535,10.126168794631957,15.818695780970158],[46.88714943900705,11.276316443681718,5.614783932007846],[48.642875121235846,15.717570767402648,10.99582370761782],[41.945620996207,14.188548744916915,11.825870986841622]],faces=[[0,1,2],[0,2,3],[2,1,3],[1,0,3]]);
polyhedron(points=[[15.729683321714404,14.288983121812343,40.72696379259229],[19.317292511463165,15.9368556176126,47.479546549022196],[16.120820876359943,10.127224976122378,48.20491658002138],[10.99507631421089,12.71846920013428,49.549161991477014]],faces=[[0,1,2],[0,2,3],[2,1,3],[1,0,3]]);
polyhedron(points=[[49.44178498536348,16.790850781202316,20.3970823289454],[48.01964301258325,13.962503028512003,14.03583566337824],[43.99042330950498,19.605168547332287,20.48858043834567],[44.95242206454277,10.276795409023764,20.395766018778087]],faces=[[0,1,2],[0,2,3],[2,1,3],[1,0,3]]);
polyhedron(points=[[1.10422982700169,20.63726801216602,28.44513905763626],[0.7144368045590834,10.305711863040923,32.94037009179592],[4.897248436342924,22.585004380345346,37.52826260387897],[8.382755356710405,15.95534363746643,29.816470159292223]],faces=[[0,1,2],[0,2,3],[2,1,3],[1,0,3]]);
polyhedron(points=[[34.69620402693749,10.310284361243248,45.519065426290034],[30.66764975011349,15.364883780330416,48.04346121460199],[34.8441472107172,14.75682393923402,42.52433709144592],[36.55531151950359,15.888190262466672,49.39034213997424]],faces=[[0,1,2],[0,2,3],[2,1,3],[1,0,3]]);
polyhedron(points=[[38.00620323598385,19.911360107958316,32.9789700571075],[37.726308338046074,10.468351981043813,38.305972291752695],[45.537446982041004,16.863384653329852,38.3429622258991],[43.641198694631456,12.926980653107169,30.878549140505495]],faces=[[0,1,2],[0,2,3],[2,1,3],[1,0,3]]);
polyhedron(points=[[16.074566534757615,18.959712208956482,0.28026943266391724],[9.063641608059406,13.238525291979311,9.025876713246108],[18.673015010654925,11.222086908221245,8.063631140142679],[10.98878559947014,10.740909821987152,1.6846278622746467]],faces=[[0,1,2],[0,2,3],[2,1,3],[1,0,3]]);
polyhedron(points=[[1.930122677907348,20.415359164476396,9.725066684484482],[0.5090565755963323,14.01332964897156,3.138026705384253],[0.09211469195783106,10.778636708259583,13.545342510938644],[6.963918200023472,13.214319697618485,8.924480447769165],[5.330237277774249,12.684468876159775,5.048244309098861]],faces=[[0,1,2],[3,0,2],[1,0,4],[0,3,4],[3,2,4],[2,1,4]]);
polyhedron(points=[[32.18185546040535,17.548802862912414,16.82993204131722],[29.637578909397124,14.48988294646144,10.501253966540098],[26.589486968815326,11.807148289829492,14.26053193256259],[36.363152821660044,11.263358947336673,13.193595063984395],[33.73830153383216,14.555081201156568,9.841431788471539]],faces=[[0,1,2],[1,3,2],[3,0,2],[1,0,4],[0,3,4],[3,1,4]]);
polyhedron(points=[[11.635700774490832,16.628323759660123,14.385489569008351],[20.472882004380224,16.078338764803483,7.336713378429415],[20.415601402521133,11.700432029720398,19.3535200381279],[16.81359567403793,23.904636897938325,16.834585614800453],[18.584869207911787,21.479276876176016,12.064650912059461]],faces=[[0,1,2],[3,0,2],[1,0,4],[0,3,4],[3,2,4],[2,1,4]]);
polyhedron(points=[[0.5149474066495907,14.656119456291197,41.135561026632786],[0.2880562222003915,11.940291211605075,33.693289982154965],[8.961477806568144,14.850500685572625,36.675074498355386],[0.5201820969581621,22.66822460412979,36.945484114810824]],faces=[[0,1,2],[0,2,3],[2,1,3],[1,0,3]]);
polyhedron(points=[[29.8679616945982,11.97459200628102,1.419788821642288],[35.149056700468066,17.128354250863197,3.464898104972672],[35.786130457520485,14.100569419041276,7.589780548142735],[26.8143971902132,17.866627904772756,7.851138316555879]],faces=[[0,1,2],[0,2,3],[2,1,3],[1,0,3]]);
polyhedron(points=[[29.26933892995119,12.13042553782463,32.129811297059064],[21.120401738882066,17.82547053039074,31.292260143980382],[23.02694808334112,13.942167412042618,25.04104886814952],[29.110413929522036,19.01590313732624,26.950511857494714],[28.779874636601313,18.755962272230374,23.73548130668643]],faces=[[0,1,2],[1,0,3],[0,2,4],[1,3,4],[3,0,4],[2,1,4]]);
polyhedron(points=[[41.03859602600336,12.162403581142424,39.07430007860064],[34.6088269084692,21.340106481313704,36.50409809261561],[31.97787650734186,13.247069596648219,45.011139448434115],[28.408456659018995,12.416390732228754,35.300433441996574],[37.466148032791764,18.466199429736754,35.22124580549583]],faces=[[0,1,2],[1,3,2],[3,0,2],[1,0,4],[0,3,4],[3,1,4]]);
polyhedron(points=[[21.455946588031946,18.048452174961568,1.2321539735794076],[21.854769141711294,12.36003828674555,10.38849556714296],[24.919716451130807,20.3146629050374,8.868448008298873],[26.545466975905,13.856759096980095,5.822120537161829],[26.354823714462775,20.318798063719523,5.173983226492778]],faces=[[0,1,2],[1,0,3],[2,1,3],[0,2,4],[2,3,4],[3,0,4]]);
polyhedron(points=[[9.271988956183195,15.370823673941196,16.362660025656226],[2.9590928347408774,17.109180591441692,15.192379520535468],[7.991837033927441,12.427859085854141,11.22555295795202],[6.36704553797841,18.058966181632133,9.247578034698963]],faces=[[0,1,2],[0,2,3],[2,1,3],[1,0,3]]);
polyhedron(points=[[17.300040749311446,20.54331568479538,12.198738758265971],[11.939106186628342,17.36830270946026,6.69294441819191],[15.827797312140465,12.624679102003574,7.677025503218173],[18.875122321248057,16.373592828214168,5.276034871637822]],faces=[[0,1,2],[0,2,3],[2,1,3],[1,0,3]]);
polyhedron(points=[[18.30096694856882,12.676744984313842,36.435165540874],[20.57086312711239,21.954202465340497,35.448630631268024],[26.981774916797875,16.306465943679214,41.42456433847546],[19.660707835704088,18.852716247066855,42.41283926948905],[24.543496196696665,16.446448020189603,42.39891320130766]],faces=[[0,1,2],[1,0,3],[2,1,3],[0,2,4],[2,3,4],[3,0,4]]);
polyhedron(points=[[12.570453563034533,21.408948925435542,48.29114176243544],[7.678682090342044,13.431028964221479,44.828517616689204],[9.981068533957005,12.973974260091781,49.90247258216142],[16.436001476943492,14.89309255450964,44.18212051957846],[10.557122448875978,17.898289073936027,41.68624821181065]],faces=[[0,1,2],[0,2,3],[2,1,3],[1,0,4],[0,3,4],[3,1,4]]);
polyhedron(points=[[29.345758561752735,17.5969346610643,6.388360927328467],[30.1929144006595,24.014492000974712,0.27622631892562266],[25.873417542800308,13.356772079728543,1.7025346101820467],[34.10723377101123,17.391925401762126,1.1477287134528162],[26.52362652859046,13.597553328397868,2.7006043858064106]],faces=[[0,1,2],[1,0,3],[2,1,3],[0,2,4],[2,3,4],[3,0,4]]);
polyhedron(points=[[11.049446465224028,14.808119397610424,13.141145391762258],[13.044682103767991,21.590988537371157,20.006909787654877],[17.119482232555747,13.607872845828533,18.201814591884613],[5.995017987862229,14.17505664795637,21.274304860830306],[10.118161175503001,19.621712992165826,21.107857403580965]],faces=[[0,1,2],[3,0,2],[1,0,4],[0,3,4],[3,2,4],[2,1,4]]);
polyhedron(points=[[9.27562989503145,14.445890789628029,24.263310157675296],[13.360043673962354,21.12644619643688,24.193700197860597],[15.221913816183804,13.698787910342215,19.212632390260694],[17.45709258839488,16.943840527534483,29.01363818084821],[12.996521564932658,15.844662249884982,30.177669174819755]],faces=[[0,1,2],[1,3,2],[1,0,4],[3,1,4],[0,2,4],[2,3,4]]);
polyhedron(points=[[38.73430470496416,23.671174337342386,29.419930990673603],[39.71903361141682,14.059612817540767,31.88413302257657],[38.07054797381163,20.303767486661677,20.52219557467848],[29.98971151977777,19.93776471965015,28.694160823561255]],faces=[[0,1,2],[0,2,3],[2,1,3],[1,0,3]]);
polyhedron(points=[[10.22296163082123,20.428592566251755,31.139247810840608],[8.255176647305486,21.542194517701862,36.0119382700324],[12.861085333228111,17.014709729105235,36.06473339289427],[6.912308781147003,14.335135354846717,35.426188138723376]],faces=[[0,1,2],[0,2,3],[2,1,3],[1,0,3]]);
polyhedron(points=[[23.395057062953708,19.971261253207924,40.86806722810492],[27.763374326657505,22.525388028547166,46.53301554441452],[29.433881592974068,19.307274687290192,39.873372068591415],[25.831472346689555,14.398620681539178,46.13867035770789],[26.007352475079784,16.02838263133966,47.03686030295154]],faces=[[0,1,2],[3,0,2],[0,3,4],[1,0,4],[3,2,4],[2,1,4]]);
polyhedron(points=[[41.43875106455758,14.427976186126468,46.267147169262174],[43.5724476348795,23.68438883699477,42.87557492695749],[38.88118292592466,18.68152225397527,39.6348557022959],[46.27233941659331,15.514577402696013,39.18079967938363]],faces=[[0,1,2],[0,2,3],[2,1,3],[1,0,3]]);
polyhedron(points=[[46.70781959027052,14.460440824627874,34.36783861011267],[47.79305554315447,18.88153755635023,23.704487108290195],[45.40495529562235,19.691582075357434,32.08972433179617],[40.14616926684975,15.458640829026699,27.06897954970598],[43.42611732262552,17.240433627535737,23.8819256562052]],faces=[[0,1,2],[3,0,2],[1,0,4],[0,3,4],[3,2,4],[2,1,4]]);
polyhedron(points=[[25.624013446569442,24.482627682983875,37.95509727180004],[26.344984646253288,22.392985612414776,29.595181410238148],[20.449583021365104,17.08129630189389,34.78885965786874],[30.538564805276692,14.485326173044742,35.26873461015523]],faces=[[0,1,2],[0,2,3],[2,1,3],[1,0,3]]);
polyhedron(points=[[5.224029514193534,16.737994337677954,29.28161098897457],[9.530381196141242,14.572045655548573,22.611903249919415],[10.340842018574474,22.050592879951,25.212553848326205],[3.827657986134289,20.444758940935134,23.279724326133728]],faces=[[0,1,2],[0,2,3],[2,1,3],[1,0,3]]);
polyhedron(points=[[4.1529056987166415,24.48186148047447,43.622223560214046],[1.4046805717051054,16.230832803845406,48.2614350360632],[9.23569083377719,16.135301552414894,43.508935799598696],[0.7083172744512587,14.600860447883608,41.52369318544865]],faces=[[0,1,2],[0,2,3],[2,1,3],[1,0,3]]);
polyhedron(points=[[49.4782807970047,21.951721644997598,40.79504361338914],[47.13500557020307,23.02090908110142,31.79534898173064],[43.17096210762858,18.01690911054611,38.947862097285686],[49.31171334475279,14.841875343322751,38.049567440077666]],faces=[[0,1,2],[0,2,3],[2,1,3],[1,0,3]]);
polyhedron(points=[[18.054436545940117,15.043022291064261,36.86864236116409],[16.76692411123775,24.523505120873452,26.85555260896683],[10.685921954484655,25.72353471919894,31.272773598730563],[9.857081319704172,16.66190569512312,27.88314860629342]],faces=[[0,1,2],[1,0,3],[2,1,3],[0,2,3]]);
polyhedron(points=[[34.32702432334423,20.976834362745283,5.400169301033021],[32.29659352242947,15.103149666786194,9.25954455971718],[31.884970597326756,21.705068743228914,11.174937607645987],[39.58757936894894,19.416777834296227,10.816411989331247]],faces=[[0,1,2],[0,2,3],[2,1,3],[1,0,3]]);
polyhedron(points=[[43.46709691077471,20.123879002183678,10.758828849717975],[39.53596501380205,19.30594498947263,17.253056095466018],[43.37413602352142,24.650282627642156,16.09845702499151],[45.515607654452324,15.103658833354714,16.708845130205155],[45.30602004297679,24.645104295917648,15.796585051098194]],faces=[[0,1,2],[1,0,3],[0,2,4],[1,3,4],[3,0,4],[2,1,4]]);
polyhedron(points=[[40.54100265689194,23.491535506248475,22.061366147994995],[46.642180529460305,20.331414880752565,23.45569940805435],[39.369603899717326,14.153101766109465,23.018119921684264],[39.10614372745156,22.667731615304945,30.06548584580421],[45.322371305183644,21.930252359743328,26.973101432482647]],faces=[[0,1,2],[3,0,2],[1,0,4],[0,3,4],[3,2,4],[2,1,4]]);
polyhedron(points=[[11.096945796012879,24.06276818186045,8.9551224385947],[5.0762574791908275,19.851186652779578,7.469190848171712],[10.870126029849052,18.57279972195625,17.1524449519068],[12.084955365657805,15.202470655441283,10.836681232601403]],faces=[[0,1,2],[0,2,3],[2,1,3],[1,0,3]]);
polyhedron(points=[[29.254603339880706,22.976396699920297,15.204559195041655],[33.225718740876765,17.799013052061202,7.212316864877942],[21.717394335642457,23.130304358825086,8.498823754787443],[22.795784582942726,15.387629309818152,12.992169616222384]],faces=[[0,1,2],[0,2,3],[2,1,3],[1,0,3]]);
polyhedron(points=[[8.388945221304894,19.236546903252602,7.819934517741204],[5.273982093334199,24.38915399312973,2.0742800015211103],[0.05977855414152167,17.27834106832743,5.712112269997597],[5.557836987078192,15.757845475375653,2.9310426485538486]],faces=[[0,1,2],[0,2,3],[2,1,3],[1,0,3]]);
polyhedron(points=[[22.000187710151074,23.67842722415924,26.117490808814765],[19.830361891882493,19.67942357033491,19.494913820326328],[12.49133740032092,23.821173359751704,23.457756909281017],[18.368324505696073,15.833421610295773,22.671282070726157],[21.235392753332683,17.26133704740397,24.26804871826871]],faces=[[0,1,2],[2,1,3],[0,2,4],[2,3,4],[1,0,4],[3,1,4]]);
polyhedron(points=[[4.905199981033801,21.89448642902076,38.65253786355257],[11.445861079990863,21.97274244811386,34.395470289886],[10.97072246491909,16.250230071954427,40.4886215031147],[10.750602030158042,25.335353900268675,39.01059295713901]],faces=[[0,1,2],[0,2,3],[2,1,3],[1,0,3]]);
polyhedron(points=[[15.158660778999328,16.76818005204201,39.87856734633446],[12.748724804520608,22.479155701994895,48.26836261689663],[16.2333047157526,26.70229950785637,39.64402125507593],[19.476451467871666,20.279584339261056,48.42060583412647],[19.36388710944363,18.717290851040527,40.99259511235073]],faces=[[0,1,2],[1,0,3],[2,1,3],[0,2,4],[2,3,4],[3,0,4]]);
polyhedron(points=[[33.06518824987114,21.692698366977275,43.62023969598114],[28.49669837474823,15.819574506282805,43.64506837412715],[25.669883833974602,17.952356279566885,49.97715037882328],[33.10723127938807,16.656664170138537,49.46917067181319]],faces=[[0,1,2],[0,2,3],[2,1,3],[1,0,3]]);
polyhedron(points=[[21.708204377293587,26.968924521729353,7.954376123547556],[21.50467611312866,16.988111180216073,8.038283528089522],[14.946429581046104,26.924239040613177,9.629907485246658],[21.871194016337395,22.56968487612903,19.021142902970315],[23.19862330999905,23.47334854039111,17.226704357910574]],faces=[[0,1,2],[1,3,2],[1,0,4],[3,1,4],[0,2,4],[2,3,4]]);
polyhedron(points=[[20.70026773095131,25.581000068485736,0.09944431185722369],[14.258586473464964,25.612503311932088,7.493918870314957],[18.5257374933362,17.13096292555332,4.589577255547047],[13.73420462667942,21.82075866550207,0.13621547445654825],[11.135135832150425,24.35473592910023,4.240075477855361]],faces=[[0,1,2],[0,2,3],[2,1,4],[0,3,4],[3,2,4],[1,0,4]]);
polyhedron(points=[[29.75666166573763,24.24464882619679,0.3018111526966081],[22.87085395336151,23.937170761302113,5.697671086192132],[28.84910055324435,19.222868240326644,5.498632391989231],[24.23019586868584,17.21080882012844,0.10824872061610291]],faces=[[0,1,2],[0,2,3],[2,1,3],[1,0,3]]);
polyhedron(points=[[44.37190980501473,17.83832397226244,48.99722642570734],[37.061813681498165,16.50337667388841,47.43565420180559],[39.840290875807405,20.30322509186342,43.496718128025535],[38.59677364498377,24.557188638281076,48.355931879282]],faces=[[0,1,2],[0,2,3],[2,1,3],[1,0,3]]);
polyhedron(points=[[29.352915780544283,17.611544792503118,38.77869862280786],[34.985257247686384,22.881010648310188,40.299901641421016],[30.634976739883424,23.13336510233581,42.25394244220108],[28.496291978955266,25.065505671277645,35.71842716027051]],faces=[[0,1,2],[0,2,3],[2,1,3],[1,0,3]]);
polyhedron(points=[[10.661568562220783,23.52461348190904,1.4726226490922265],[10.224411223782226,25.47580122411251,9.179493512399494],[15.525609052856453,17.7669576048851,5.532352949213237],[8.752989798025228,18.32225793838501,3.6778266253136094]],faces=[[0,1,2],[0,2,3],[2,1,3],[1,0,3]]);
polyhedron(points=[[27.677437185943127,21.816785384714606,16.39109917730093],[24.647696429342034,17.7825167420879,21.82071673989296],[20.876661594063044,21.89894856398925,21.90548057228327],[30.01489368185401,23.788560513453557,25.511181577444074]],faces=[[0,1,2],[0,2,3],[2,1,3],[1,0,3]]);
polyhedron(points=[[37.62325269088149,23.636655230224136,48.0176876360178],[38.9707500782609,18.43008239895105,40.159084249138836],[34.43305262833834,24.99836334943771,41.2570313167572],[32.03055613055825,17.81548144266009,43.195179559886455],[35.91650947274442,20.209517429959146,48.635488601567914]],faces=[[0,1,2],[2,1,3],[0,2,4],[2,3,4],[1,0,4],[3,1,4]]);
polyhedron(points=[[43.01268296211958,24.968328247070314,22.05028966009617],[47.808458952233195,17.92881684690714,19.41008032202721],[49.31946767449379,25.33597525715828,28.356104726195337],[49.34072112932801,29.090810856223108,13.786774914860725]],faces=[[0,1,2],[0,2,3],[2,1,3],[1,0,3]]);
polyhedron(points=[[18.144913854151966,21.793763142526153,31.077415298223496],[16.77901198446751,17.98748881459236,40.25946204066277],[11.200965585261583,19.908529317080973,37.805057688057424],[18.20896811246872,27.72404736995697,40.1154196754098],[14.719836715855738,23.220619623833585,32.323327069396306]],faces=[[0,1,2],[1,0,3],[2,1,3],[0,2,4],[2,3,4],[3,0,4]]);
polyhedron(points=[[34.380112600177526,23.861775453835726,12.508755201250313],[34.798784838318824,19.29177486129105,22.055027219951157],[27.975262341499327,18.036447683796286,15.521751427054408],[27.795200868993994,23.889361411184073,17.10465287387371]],faces=[[0,1,2],[0,2,3],[2,1,3],[1,0,3]]);
polyhedron(points=[[28.436148649081588,19.73253706470132,29.539479226619],[37.236344049423934,19.456874109506607,30.79998296096921],[29.065252203196287,18.173730826228855,35.20749934092164],[32.52593784093857,24.42795514315367,35.83625410094857]],faces=[[0,1,2],[0,2,3],[2,1,3],[1,0,3]]);
polyhedron(points=[[44.96256197407842,18.244243138432502,7.32845995426178],[38.48964500591159,19.762980058193207,12.084948359131811],[37.47883785486221,21.739523805379868,1.974565800428393],[41.47040602356196,25.869483248591422,5.29158552467823],[39.37224210415982,24.464729523711163,2.5102358876201745]],faces=[[0,1,2],[1,0,3],[0,2,4],[1,3,4],[3,0,4],[2,1,4]]);
polyhedron(points=[[10.52654173731804,22.979970934093,49.213898494541645],[7.746735036969184,26.493143802732227,42.97168025791645],[3.7575262963771827,24.42398575156927,48.20233971863985],[6.4920398211479196,17.609526261538264,45.98897686034441]],faces=[[0,1,2],[0,2,3],[2,1,3],[1,0,3]]);
polyhedron(points=[[1.364869296252727,27.475498079136013,13.997843250632288],[6.779796417653561,20.08915961869061,19.616301360130308],[2.978209668397903,18.811995849460363,11.644746196269988],[0.6556087800860411,19.797577247694136,19.745163105130196]],faces=[[0,1,2],[0,2,3],[2,1,3],[1,0,3]]);
polyhedron(points=[[0.07692301750183073,28.66417782217264,48.250941558480264],[8.604340095520019,29.992635598927734,43.93403773188591],[1.3754660749435437,30.838077734708783,39.321846165061],[2.035659066438674,19.361515166535973,41.392244882285596]],faces=[[0,1,2],[0,2,3],[2,1,3],[1,0,3]]);
polyhedron(points=[[42.66015033889562,19.6121941947937,0.6381471198797231],[46.33038782436401,27.325940568596124,0.6708925861120227],[42.86354343466461,26.559461750015615,6.227843071222305],[38.22797756757587,24.94507534518838,1.4392855387926105],[44.780449033247194,28.576684501023962,0.5297710321410056]],faces=[[0,1,2],[3,0,2],[0,3,4],[1,0,4],[3,2,4],[2,1,4]]);
polyhedron(points=[[29.31161683499813,21.750356377363204,35.809936031103135],[33.422445920109745,26.06188272818923,25.71668980538845],[22.019536965489387,28.450465475171804,29.950285663008692],[27.988907585144045,19.70170416727662,25.25442750632763]],faces=[[0,1,2],[0,2,3],[2,1,3],[1,0,3]]);
polyhedron(points=[[41.233999409750105,25.75828607305884,36.44726620644331],[37.97449783712626,19.779132140725853,34.48860110290349],[34.16214236170053,25.960696353614328,29.807328805327415],[33.208897220790384,24.48255549117923,38.29424959659576],[32.97909015108712,24.24797216038128,31.680482897379306]],faces=[[0,1,2],[0,2,3],[1,0,3],[2,1,4],[1,3,4],[3,2,4]]);
polyhedron(points=[[20.50072830803692,19.825810323655602,42.36972263835371],[21.623446003049615,23.178111864924432,48.99828817591071],[18.662369120791553,26.223397370278835,43.58451297216117],[25.762092939168216,22.897498703300954,43.45755180455744]],faces=[[0,1,2],[0,2,3],[2,1,3],[1,0,3]]);
polyhedron(points=[[40.74390708863735,19.843166409432893,29.997445804476737],[46.746965503394605,29.40263200998306,29.245773891881107],[44.37566654294729,23.393029356002806,40.02982321575284],[39.34265286147595,29.972054539620878,35.49923764333129]],faces=[[0,1,2],[0,2,3],[2,1,3],[1,0,3]]);
polyhedron(points=[[44.80714935839176,28.18639926671982,12.889839313179255],[46.8523261398077,23.609822106361392,7.727447161823513],[40.67665808677673,24.587111742496493,7.927514252513648],[41.7970125502348,20.0475222325325,12.790047629475595],[45.3091014628103,27.005433227676093,13.9719169772351]],faces=[[0,1,2],[1,3,2],[3,0,2],[1,0,4],[0,3,4],[3,1,4]]);
polyhedron(points=[[44.71962973475456,25.434541987180708,37.953758744299414],[48.62543191820383,30.37202162086964,45.24407484471798],[46.47978830605745,20.0997034072876,44.21660477042198],[41.28964828550816,27.119885968863965,45.370937798917296],[45.59562826729928,30.90684091229967,41.087373735259234]],faces=[[0,1,2],[0,2,3],[2,1,3],[1,0,4],[0,3,4],[3,1,4]]);
polyhedron(points=[[16.908709868192673,32.84547621913254,48.60558662928641],[6.464547444880007,27.34558290809393,41.17585867824033],[9.890597687810658,20.26571355640888,46.95053915197961],[12.852703211307524,23.30402105912566,39.793779069110755],[15.235153037465206,31.511453987520245,40.59775665661216]],faces=[[0,1,2],[1,3,2],[3,0,2],[1,0,4],[0,3,4],[3,1,4]]);
polyhedron(points=[[0.32863117054104896,32.01046939611435,27.593044779896736],[4.418296015411616,25.81429277598858,37.78555897891522],[6.666560773998498,28.447423425912856,23.403110119700433],[0.3849965535104285,20.726774417757987,25.83704224050045]],faces=[[0,1,2],[0,2,3],[2,1,3],[1,0,3]]);
polyhedron(points=[[5.702145672067999,25.23514117836952,1.3718019220232955],[0.07751746736466858,20.782365419864654,3.59476039558649],[1.1876527233421805,29.817805894613265,4.19193231344223],[6.162727267965674,24.611663190722464,8.545931684374807],[6.122426605554553,22.28030913946504,5.005226593827767]],faces=[[0,1,2],[1,3,2],[3,0,2],[1,0,4],[0,3,4],[3,1,4]]);
polyhedron(points=[[37.077462627887726,20.798941851854327,19.60330047130585],[30.759029953479768,21.49977423071861,24.440721356868742],[32.13674788951874,25.945977229475975,23.925772550106046],[37.616692441701886,22.706416812837123,25.77697608679533]],faces=[[0,1,2],[0,2,3],[2,1,3],[1,0,3]]);
polyhedron(points=[[15.115570449754596,22.8053987210989,6.51253730237484],[10.552245055958629,20.85111697435379,14.926557771265506],[7.435196684002876,26.48803657233715,11.981452495157718],[17.493418298885224,26.133397788405418,14.781918109059331]],faces=[[0,1,2],[0,2,3],[2,1,3],[1,0,3]]);
polyhedron(points=[[18.638521478772166,28.81768000513315,34.03384679019452],[18.693330904841424,21.237162413448097,32.73086886703968],[23.88871266782284,22.50713079601526,34.54927162706852],[22.869438940882684,26.98819868534803,30.600257421135904]],faces=[[0,1,2],[0,2,3],[2,1,3],[1,0,3]]);
polyhedron(points=[[35.6360613566637,21.39213415902108,5.11000434935093],[32.04547398492694,26.527332040444016,14.131773492693899],[30.985385029762984,29.041967489812524,5.17602582782507],[40.721527053564785,28.379069958273323,6.502903260290623]],faces=[[0,1,2],[0,2,3],[2,1,3],[1,0,3]]);
polyhedron(points=[[24.54054842591286,26.576998927742242,45.729639057517055],[21.18187124669552,22.117021777555344,39.503790036439895],[28.620208901166915,21.413417228730395,42.06745462715626],[25.809206802248955,27.8453736080043,37.525065072774886],[20.60507415019901,22.19612613515475,37.63360466461806]],faces=[[0,1,2],[0,2,3],[2,1,4],[0,3,4],[3,2,4],[1,0,4]]);
polyhedron(points=[[0.329420173093677,30.42670053452253,17.363171250522136],[11.577150669246912,27.85488720744848,16.685424781739712],[3.7332919955253594,21.898429982364178,18.368784038722517],[1.7650742391496896,29.695857365727427,24.615354868769646]],faces=[[0,1,2],[0,2,3],[2,1,3],[1,0,3]]);
polyhedron(points=[[13.918931640014053,26.30539193853736,28.686737781390548],[12.39953903593123,26.11916362851858,35.09726550899446],[18.92947361625731,28.123065265417097,31.06922229066491],[19.311431683376433,21.965245784372087,29.625766059271992],[15.56517891592331,26.030736218276083,27.03445738381229]],faces=[[0,1,2],[1,0,3],[2,1,3],[0,2,4],[2,3,4],[3,0,4]]);
polyhedron(points=[[1.1892608070373538,30.35437989681959,16.52676587969065],[6.69892672970891,26.934352826699616,9.070305505767465],[0.9619189037382605,23.744730943739416,6.579431569352746],[8.2483267390728,21.990794297605753,16.328465675115584]],faces=[[0,1,2],[0,2,3],[2,1,3],[1,0,3]]);
polyhedron(points=[[13.180578680634499,22.25635065242648,26.14595156699419],[4.104973412454127,24.848423181623218,32.400049660205845],[5.7607334227859965,27.14177109234035,23.142360401004552],[12.20185965165496,30.821499384194613,30.873290878385305]],faces=[[0,1,2],[0,2,3],[2,1,3],[1,0,3]]);
polyhedron(points=[[40.37700546175242,22.619032386392355,13.435933905243873],[34.05265058606863,22.327420300096275,10.16939139187336],[38.34103130728007,22.779211719781163,5.149224477410316],[38.81933301120996,31.587448419183495,11.936175251007079],[36.07512149453071,28.097159291624315,15.309365205948417]],faces=[[0,1,2],[0,2,3],[2,1,3],[1,0,4],[0,3,4],[3,1,4]]);
polyhedron(points=[[30.150653586238622,26.946025028973818,4.134792077839374],[27.98280411683023,30.216159143336117,13.215075598582626],[33.74965353146195,22.34578150337562,11.288005011864005],[24.428779535815117,22.98533067924902,8.240648312307895]],faces=[[0,1,2],[0,2,3],[2,1,3],[1,0,3]]);
polyhedron(points=[[37.51152672275901,31.630280954241755,6.9252773874998095],[37.57542386323214,22.434465779662133,2.1489813661575328],[36.76856152713299,29.80800164937973,0.1917269080877313],[32.05860098540783,27.567225946187975,4.463552970886232]],faces=[[0,1,2],[0,2,3],[2,1,3],[1,0,3]]);
polyhedron(points=[[13.4990155941993,36.04468119893223,23.272521681562065],[15.868287746235726,22.468795624189077,20.46261404417455],[7.451922419071197,28.118805861622096,24.864804705381395],[16.438561873063442,29.587222403399647,31.272040042206648]],faces=[[0,1,2],[0,2,3],[2,1,3],[1,0,3]]);
polyhedron(points=[[34.80913197576999,22.49336758032441,17.6333942931518],[39.09502270966768,23.556574998050927,26.66004536859691],[30.917760409414768,27.627055072933437,21.07430694654584],[36.9549377566576,32.98871940717101,20.20825562570244],[36.05307387780303,31.288443110048615,16.081423874761573]],faces=[[0,1,2],[1,3,2],[1,0,4],[3,1,4],[0,2,4],[2,3,4]]);
polyhedron(points=[[35.20760808825493,22.92356016056612,39.420378919392824],[33.60722487449646,32.02426364624873,45.11907780662179],[31.36223179042339,29.81396081814543,37.73270058467985],[38.29813168823719,28.915787825267763,38.34317401275039]],faces=[[0,1,2],[0,2,3],[2,1,3],[1,0,3]]);
polyhedron(points=[[49.34118136011064,26.374259133934974,34.40747756579891],[49.356576262935995,28.883068681955336,41.4648520617513],[48.54790657952428,23.04076791405678,38.00812339856289],[43.90323990322649,27.25008526146412,36.109276851443575],[49.687405997749806,30.838576488038967,35.91191964983797]],faces=[[0,1,2],[0,2,3],[2,1,3],[1,0,4],[0,3,4],[3,1,4]]);
polyhedron(points=[[10.366114867329596,26.535950383543966,9.058971076011659],[11.049671871699392,29.677031386494637,1.3062645512819278],[3.9991664996743204,28.49337426185608,2.1206529775261878],[8.62978509735316,23.097659470438956,0.9157336136698726]],faces=[[0,1,2],[0,2,3],[2,1,3],[1,0,3]]);
polyhedron(points=[[31.477134287878872,27.10793398320675,0.8206801438331603],[21.402813282608985,23.404550413489343,0.7485331821441652],[20.442595388814805,32.34830014705658,0.012649230957031854],[23.093346504941582,25.59695371210575,10.735327613353729]],faces=[[0,1,2],[0,2,3],[2,1,3],[1,0,3]]);
polyhedron(points=[[33.86076463775709,23.763978935405614,42.431583194173875],[32.860609983373436,32.819884003698824,44.967874438315626],[37.66017321109772,24.87156105384231,47.3463727927953],[26.78058844666928,23.415178444907074,47.332689662911],[31.444850258175958,31.577690659465702,44.21464933216954]],faces=[[0,1,2],[1,3,2],[3,0,2],[1,0,4],[0,3,4],[3,1,4]]);
polyhedron(points=[[24.458578085452316,23.42009195442544,24.528795295655726],[16.98628825008869,24.664414606452922,22.19985796749592],[22.981446970701217,26.450400716986042,15.678721075356009],[21.479548102468254,29.795168270440772,24.059880477190017],[21.67471766009733,28.735476123896618,25.66189647059408]],faces=[[0,1,2],[1,3,2],[3,0,2],[1,0,4],[0,3,4],[3,1,4]]);
polyhedron(points=[[13.766881695985793,30.139511395692825,19.69322247058153],[8.534862705171108,24.943477320969105,23.980635437965397],[14.986749872267245,25.026337583065036,19.80402344495058],[7.470406267940997,23.564760837852955,15.34787384599447]],faces=[[0,1,2],[0,2,3],[2,1,3],[1,0,3]]);
polyhedron(points=[[30.889485362172127,24.64536887910217,23.170174809098246],[32.70842332094908,23.582194674666972,14.401228037476539],[29.90988286137581,31.52818442068994,19.9780388879776],[23.869287279844286,28.07571173630655,18.13032692551613],[31.6900624906202,26.66693741962846,14.691783070211702]],faces=[[0,1,2],[0,2,3],[1,0,3],[2,1,4],[1,3,4],[3,2,4]]);
polyhedron(points=[[29.740237784385684,32.61903190940618,38.454543305635454],[29.305173799097535,31.15453968644142,27.521479448378088],[24.90446618437767,26.384813204705715,33.903562248945235],[32.90556708052754,24.13038956180215,33.89588786244393]],faces=[[0,1,2],[0,2,3],[2,1,3],[1,0,3]]);
polyhedron(points=[[27.38924755245447,24.230843882113696,47.42673995137215],[24.055031248629092,31.774780526310202,43.06828651726246],[26.697796105742455,27.186715169399978,40.30241435825825],[31.61968618243933,31.33169669762254,45.119864263534545]],faces=[[0,1,2],[0,2,3],[2,1,3],[1,0,3]]);
polyhedron(points=[[44.28489738222212,28.555364628136157,12.148336013555525],[49.38540420897305,31.054551468789576,8.159226812720297],[42.6082780251652,27.925456929802895,4.914750400185587],[48.010352011173964,24.350220398306845,10.605627302527427]],faces=[[0,1,2],[0,2,3],[2,1,3],[1,0,3]]);
polyhedron(points=[[49.60900116993115,28.827174343913793,30.159247787594797],[48.69638112433255,28.131756168901923,20.599827497359367],[41.43078179217875,34.38561019033194,22.443756074551494],[41.74737049691379,24.353996076881888,24.20800954854116],[46.185710569483234,24.839167882975836,28.363326707198688]],faces=[[0,1,2],[2,1,3],[0,2,4],[2,3,4],[1,0,4],[3,1,4]]);
polyhedron(points=[[23.783058892190457,31.543155927360058,29.928237415626647],[27.89162174731493,32.01699109725654,38.891567618772385],[20.69285068333149,24.648877338841558,36.987574349194766],[19.137727596759795,35.83377357035875,39.559478192925454],[26.662122041481222,30.731506944628688,39.863375937249025]],faces=[[0,1,2],[0,2,3],[1,0,3],[2,1,4],[1,3,4],[3,2,4]]);
polyhedron(points=[[15.418866035044193,28.024584561884403,39.267268798947335],[9.293221136108041,36.22792762339115,30.477329196929933],[8.980854376405478,24.959816494584082,34.72950448334217],[17.230479649677875,28.112275078296662,31.847041999101638]],faces=[[0,1,2],[0,2,3],[2,1,3],[1,0,3]]);
polyhedron(points=[[42.33710796713829,33.229628579914575,43.61403563946486],[43.91452273488045,29.129553525447843,36.131412867009644],[37.23047803580761,32.563505909740925,40.41605016082526],[41.57549449443817,24.982106595933438,43.01476454377175]],faces=[[0,1,2],[0,2,3],[2,1,3],[1,0,3]]);
polyhedron(points=[[38.92600887835026,27.04192252397537,16.28378815293312],[39.921650201678275,35.802727034389974,22.530891773104667],[48.08484997674823,27.718075443804263,18.454191548824312],[38.98726403966546,24.27850862503052,25.350380204916]],faces=[[0,1,2],[0,2,3],[2,1,3],[1,0,3]]);
polyhedron(points=[[18.333968995139003,33.71955274820328,1.994846594072878],[18.077614952251317,28.26472499102354,9.286048974022268],[19.150094942077995,25.747194781899452,1.5930439187213796],[13.798973715007305,26.548613669872285,4.006201417632401]],faces=[[0,1,2],[0,2,3],[2,1,3],[1,0,3]]);
polyhedron(points=[[2.079650465678424,25.77946987517178,38.04588983297348],[11.297582881478592,26.024895964972675,38.357324542999265],[5.4438696696888655,30.977205582745373,41.71213756263256],[8.597463278798386,31.47420601427555,33.54898033857346]],faces=[[0,1,2],[0,2,3],[2,1,3],[1,0,3]]);
polyhedron(points=[[42.22795227825642,26.712767654657362,31.652849292755125],[36.140925922095775,33.0909147131443,37.12118984401226],[32.88279252678156,26.04632481098175,34.29217575728893],[37.099719875752925,32.03068692088127,27.595465351939204]],faces=[[0,1,2],[0,2,3],[2,1,3],[1,0,3]]);
polyhedron(points=[[23.73257766291499,29.208273267447947,17.962429660856724],[23.227747720479968,27.18834222137928,27.288432293087244],[26.883998929336666,37.12712541535497,24.17024116933346],[34.10541970729828,27.01302136659622,24.853598974645138],[30.14981336717209,26.267591405114487,26.32392581085313]],faces=[[0,1,2],[3,0,2],[1,0,4],[0,3,4],[3,2,4],[2,1,4]]);
polyhedron(points=[[16.03551372975111,28.60290378123522,38.30894307583571],[23.621182704269884,26.582282920032743,41.68096312373876],[16.950099761784074,26.37255761414766,46.513185367286205],[20.218037982285022,31.152889678776262,42.71336854428053],[21.756456571467044,31.36171883365649,44.01811310637469]],faces=[[0,1,2],[0,2,3],[1,0,3],[2,1,4],[1,3,4],[3,2,4]]);
polyhedron(points=[[19.53097371149808,29.05099053531885,31.163607764840126],[18.39158851057291,26.504382896423337,25.77439722418785],[23.99474141165614,28.251654148101807,28.106396734416485],[15.94020384054631,34.37079313844443,27.458115114867688],[16.5515646042014,31.074567054571283,31.908524639437598]],faces=[[0,1,2],[1,3,2],[1,0,4],[3,1,4],[0,2,4],[2,3,4]]);
polyhedron(points=[[11.943086304962637,31.20326444424689,10.846615800857546],[9.948804531097412,26.54802758984268,12.797233519554139],[15.901370861530307,31.64039170570672,18.49863552570343],[18.635195138752458,26.84238261759281,14.908104385137555]],faces=[[0,1,2],[0,2,3],[2,1,3],[1,0,3]]);
polyhedron(points=[[22.491735480725765,28.301455676555634,16.91214129835367],[22.30136067986488,37.39109760612249,10.023522723168139],[17.54042755007744,30.091566503345966,9.863017011731863],[25.42932356506586,26.709205401688816,8.019120641574265],[27.440663304914658,31.763671416744224,12.678898448095227]],faces=[[0,1,2],[0,2,3],[2,1,3],[1,0,4],[0,3,4],[3,1,4]]);
polyhedron(points=[[11.823415957465768,34.75360896408558,7.746116416454317],[19.42065025061369,33.498154396712785,4.437814488112928],[11.886145904548465,33.07233616679907,1.4688887867331513],[12.82289100214839,26.773991652727126,5.917985937595367],[15.52782788266375,31.63555817798427,8.46059058354312]],faces=[[0,1,2],[1,3,2],[3,0,2],[1,0,4],[0,3,4],[3,1,4]]);
polyhedron(points=[[16.77506504692137,27.876720140576364,37.9574495812878],[18.57278498217464,37.900066571682686,37.53197455450892],[13.910686659812924,33.93473838500679,31.34851976726204],[21.086916895136234,30.641893307492136,30.776512777134776]],faces=[[0,1,2],[0,2,3],[2,1,3],[1,0,3]]);
polyhedron(points=[[12.311387531533837,34.38245125129819,20.07754807651043],[23.128293137550354,31.95282464921474,15.857906963378191],[17.308178914636375,26.004081485569476,21.99034734711051],[20.869515012279148,32.29725749567151,26.681639513373376],[23.173901953356356,32.2661402261933,23.345403937444697]],faces=[[0,1,2],[3,0,2],[0,3,4],[1,0,4],[3,2,4],[2,1,4]]);
polyhedron(points=[[8.281225350648164,37.85819573491811,4.424064336419107],[1.397604898363352,33.479776477217676,0.7511754769086849],[0.09084030419588096,29.344066728949546,11.09922658085823],[12.160325729250909,28.131569427549838,4.025792957544327],[7.2208342916097905,34.38009858603008,10.958785595235632]],faces=[[0,1,2],[1,0,3],[2,1,3],[0,2,4],[2,3,4],[3,0,4]]);
polyhedron(points=[[43.890050764977936,37.64078215539455,13.051876287534832],[48.667430546283725,28.6165103584528,12.505380298048255],[39.676614930927755,29.51133156776428,13.461741236820817],[45.33741794258356,33.170150557160376,20.45580643169582]],faces=[[0,1,2],[0,2,3],[2,1,3],[1,0,3]]);
polyhedron(points=[[46.241463835835454,28.635456694066523,32.69143236607313],[47.21009079128504,33.15296702593565,26.43139554589987],[48.7149408441782,33.64276462644339,35.327334043681624],[42.939005027711396,37.14235374391079,31.04368566215038],[44.89501793843425,33.65316757573097,26.184384607324866]],faces=[[0,1,2],[0,2,3],[2,1,3],[1,0,4],[0,3,4],[3,1,4]]);
polyhedron(points=[[4.980918390192092,28.64203931089491,32.562767077528406],[5.852515928688229,34.69239463951439,35.116591438127216],[7.683222667729716,33.70119342856109,40.79273737424053],[1.7721312664414302,32.00771252885461,40.40502622123342]],faces=[[0,1,2],[0,2,3],[2,1,3],[1,0,3]]);
polyhedron(points=[[32.136970666050914,39.457465848326684,29.24866316020489],[35.83924976587296,32.96584117949009,34.304564717710015],[34.65018201828003,28.718174667060374,26.27173526376486],[26.42382463723421,34.56056924492121,30.12260168015957]],faces=[[0,1,2],[0,2,3],[2,1,3],[1,0,3]]);
polyhedron(points=[[40.76352129101753,30.793721939101815,45.26437482774258],[37.480112692117686,35.59828119598329,42.79141367197037],[36.1967852884531,36.711802724599835,49.38843128800392],[31.56715570569039,28.824844331145286,48.120277500748635]],faces=[[0,1,2],[0,2,3],[2,1,3],[1,0,3]]);
polyhedron(points=[[5.979404587745666,30.150698956176633,49.01632885485888],[11.230528309643269,28.939729188457132,45.641739518940454],[8.030659713745116,35.621840039268136,48.32338749498129],[7.127260434329509,31.01543180607259,43.196529657542705]],faces=[[0,1,2],[0,2,3],[2,1,3],[1,0,3]]);
polyhedron(points=[[16.009782207012176,30.581115940809248,13.072359292954207],[12.485025347471236,35.26356871455908,17.477370558977128],[16.512185142040252,34.4099000275135,5.524670678526164],[21.537737983465195,36.00949049443007,12.979872048646214],[18.84276442844778,29.00738608791994,13.234513814639149]],faces=[[0,1,2],[2,1,3],[0,2,4],[2,3,4],[1,0,4],[3,1,4]]);
polyhedron(points=[[43.316355699300765,39.633040715754035,2.7054343694448466],[48.007527667284016,33.77114635467529,0.4511053013801569],[42.32475731223821,29.016182895600796,2.6646862220764174],[44.57012822091579,33.77318196266889,9.580622007250787],[44.00311375776775,36.910149865006396,8.458207973805507]],faces=[[0,1,2],[1,3,2],[1,0,4],[3,1,4],[0,2,4],[2,3,4]]);
polyhedron(points=[[22.93549223124981,29.09576216638088,16.18610050559044],[22.299456567168235,35.42892294883728,12.62161859959364],[30.063076798319816,32.66751566827297,14.50431098267436],[24.848134845495224,35.72478029310704,16.759263728410005]],faces=[[0,1,2],[0,2,3],[2,1,3],[1,0,3]]);
polyhedron(points=[[25.712096760571004,35.966265819072724,6.871450721323489],[24.60287677705288,29.153751425743103,3.525605475306512],[24.474227421879768,37.10630058765412,1.1174085876345616],[19.035897322893142,33.07742830753327,0.5467466598749158],[22.031096954573147,37.511777900563395,6.682532126903596]],faces=[[0,1,2],[1,3,2],[1,0,4],[3,1,4],[0,2,4],[2,3,4]]);
polyhedron(points=[[10.31046939074993,32.22498936384916,21.827861223369837],[7.641795036643742,29.4432238701731,11.209751633610576],[12.598184368014335,37.98212790817022,12.959957777112724],[3.1356163644790636,34.120855315327645,17.19032154776156],[2.802781771533918,36.20711218780931,15.60861978061801]],faces=[[0,1,2],[1,0,3],[0,2,4],[1,3,4],[3,0,4],[2,1,4]]);
polyhedron(points=[[25.501472293436528,32.673316070060245,1.7221862849593137],[32.345534068047996,37.83759303973755,8.682499806582928],[31.607923360168932,38.62111827686313,0.390231077373028],[38.07940233290196,31.859346568022154,3.5443075478076937],[33.92822658252048,29.60934834457354,4.558537206700148]],faces=[[0,1,2],[0,2,3],[2,1,3],[1,0,4],[0,3,4],[3,1,4]]);
polyhedron(points=[[5.329688660502432,29.636082391142846,24.151591643691063],[0.8400500485301006,32.924584342837335,30.366758671998976],[7.393017311096191,39.31500194728375,28.6759355866909],[8.651620385348796,31.776687731444834,31.31364989936352]],faces=[[0,1,2],[0,2,3],[2,1,3],[1,0,3]]);
polyhedron(points=[[35.98448594853282,31.57973836272955,9.864134057760236],[35.559994211839516,38.33704001992941,4.687573619484899],[41.11641138049774,29.653154747188093,2.115733091235159],[45.08396097948775,32.497431296259165,8.915294696688651],[41.91659926256538,34.408878048155785,11.403564692592091]],faces=[[0,1,2],[0,2,3],[2,1,3],[1,0,4],[0,3,4],[3,1,4]]);
polyhedron(points=[[26.54222980648279,33.23175731137395,11.85052380144596],[34.04852828204632,29.742266317903997,5.777893570661549],[26.991010963618756,35.27565420314669,5.173437398076057],[24.986464119553567,29.88489881798625,5.231314349770545]],faces=[[0,1,2],[0,2,3],[2,1,3],[1,0,3]]);
polyhedron(points=[[9.105653048157695,40.67999764740467,45.383382659554485],[11.965007189512253,36.42902077525854,35.1588291940093],[11.114225623905657,29.822948504388332,41.68166441679001],[16.771367914974686,33.45311465650797,43.4145048904419]],faces=[[0,1,2],[0,2,3],[2,1,3],[1,0,3]]);
polyhedron(points=[[2.727844400554896,30.075112183243036,48.94096711669117],[2.3153289255499816,41.00924301341176,47.92705750785768],[0.45387362286448285,34.53270680651069,40.588715612404044],[9.505011022388935,37.35679991722107,42.288836908489465]],faces=[[0,1,2],[0,2,3],[2,1,3],[1,0,3]]);
polyhedron(points=[[25.738370679616928,35.62441388316452,40.89699026376009],[29.503221208453184,30.199295683745298,47.53222177088261],[19.5474374294281,30.520463817939167,44.768506834506994],[26.271138919591902,39.33614805867895,49.31336635947227]],faces=[[0,1,2],[0,2,3],[2,1,3],[1,0,3]]);
polyhedron(points=[[37.556437300890686,38.47544269710779,13.28982917487621],[40.24482846133411,30.26744913190603,16.135016514062883],[36.09542409472167,36.139272567033764,21.122073289752002],[43.98109561242163,40.304366146028045,20.612684273719786]],faces=[[0,1,2],[0,2,3],[2,1,3],[1,0,3]]);
polyhedron(points=[[27.53405240803957,34.48720685262233,17.28025191515684],[36.47791091114283,37.12186476804316,25.321873267591002],[33.524830955862996,41.63517292063683,11.709071674942969],[35.492806457579135,30.280822951421143,12.14508256047964],[33.65405453666057,31.621327704141574,10.539936401344939]],faces=[[0,1,2],[1,0,3],[2,1,3],[0,2,4],[2,3,4],[3,0,4]]);
polyhedron(points=[[2.5953439935669316,30.410019512176515,14.634637267142534],[4.221557117328047,37.60618825435638,20.432843127846716],[8.528449671790003,31.121794921159747,21.537661003917457],[0.3295454792305832,32.06711743354797,21.46528777256608]],faces=[[0,1,2],[0,2,3],[2,1,3],[1,0,3]]);
polyhedron(points=[[0.6759937780350467,30.454647214412688,12.457044043540952],[0.01654046602547088,41.55789988033474,12.17596822559834],[0.8565985356271271,37.964647350236774,4.910423454642294],[8.405953747332095,36.8883202265203,9.660461285710337],[7.250133954528561,34.50787867325271,12.326590800350937]],faces=[[0,1,2],[0,2,3],[2,1,3],[1,0,4],[0,3,4],[3,1,4]]);
polyhedron(points=[[0.21115781784057908,37.26993097662926,27.718629258871076],[0.014449082612991826,30.51966202735901,25.258207400441165],[6.659487820267679,38.15667933821678,22.773528748750685],[0.5499468582868574,37.40549225986004,19.64525044798851],[0.8083435991531487,37.05801614725536,18.738748280479125]],faces=[[0,1,2],[0,2,3],[1,0,3],[2,1,4],[1,3,4],[3,2,4]]);
polyhedron(points=[[16.721298481225965,36.82480491928756,44.08484773516655],[19.913911727070808,32.94429713509977,39.72776389747858],[18.425348144173626,30.818663328513505,47.888251385986806],[24.715855475068093,38.65987037412822,47.42360440760851],[23.383449070451,35.79221214170034,48.96201619257252]],faces=[[0,1,2],[1,0,3],[0,2,4],[1,3,4],[3,0,4],[2,1,4]]);
polyhedron(points=[[37.440123478174215,40.06964435994625,30.364295812547205],[44.20935179561377,33.349130366444584,31.141109823584557],[42.91015426680446,37.551550009846686,20.846992229670285],[39.285422063618896,31.006514665782454,24.710000352561472]],faces=[[0,1,2],[0,2,3],[2,1,3],[1,0,3]]);
polyhedron(points=[[34.71205866202712,42.09812642335892,40.95638462126255],[26.430587101876732,38.08496851742268,43.482565195560454],[33.30988879024982,37.12657927274704,49.901692900061605],[32.64043957099319,31.195744533538814,46.49635353624821]],faces=[[0,1,2],[0,2,3],[2,1,3],[1,0,3]]);
polyhedron(points=[[0.8944108323007822,31.55797980546951,40.671258562505244],[1.91983377918601,37.51895731687546,33.00704554900527],[0.5042681502550854,31.32823740720749,31.335380943715574],[6.192577535957097,33.845016050934795,32.792762657925486],[4.814226198672852,38.460040149053256,33.16202696679861]],faces=[[0,1,2],[3,0,2],[1,0,4],[0,3,4],[3,2,4],[2,1,4]]);
polyhedron(points=[[12.95807166852057,31.64809530869126,28.316425953507423],[13.514244385734202,38.9237981146574,31.40027480065823],[8.034227499663828,36.267103784233335,28.483223009705544],[16.240228431373836,38.00041566804052,24.540028885006905]],faces=[[0,1,2],[0,2,3],[2,1,3],[1,0,3]]);
polyhedron(points=[[23.609658487588167,41.10944539546967,35.328371292948724],[24.391522611379624,43.068801988959315,26.94161322534084],[18.92889571249485,32.02309417784214,29.96803731262684],[27.331342384964227,34.11272830069065,26.208194866776466]],faces=[[0,1,2],[0,2,3],[2,1,3],[1,0,3]]);
polyhedron(points=[[39.96494661778212,38.87301236793399,41.01468581199646],[37.57500812709331,32.167629946023226,35.62192778348923],[45.43774783223867,33.692448201030494,34.08337299644948],[40.254085142910476,38.99223931729794,32.4354793292284]],faces=[[0,1,2],[0,2,3],[2,1,3],[1,0,3]]);
polyhedron(points=[[48.61150035865605,38.19407248020172,31.17486486673355],[48.905461177900435,32.24289626121521,24.10761016488075],[46.671615881845355,42.62368472218513,19.04475839734077],[42.64156889282167,34.013412287235255,24.742058609724044]],faces=[[0,1,2],[0,2,3],[2,1,3],[1,0,3]]);
polyhedron(points=[[31.412213372401894,40.660434818253854,37.02411279976368],[31.385169469490645,34.3348313002009,44.78115519523621],[34.855413257703184,34.17347890818259,36.73919821053743],[26.729638269767165,32.24989145815838,35.23158700525761]],faces=[[0,1,2],[0,2,3],[2,1,3],[1,0,3]]);
polyhedron(points=[[15.076868547797202,36.58201784178615,5.463628128767014],[10.727607119679453,43.11448284566403,11.285580044686792],[14.50061089813709,32.34865760177374,14.48094393759966],[8.791829155087472,35.7877511164546,7.854448194801806]],faces=[[0,1,2],[0,2,3],[2,1,3],[1,0,3]]);
polyhedron(points=[[23.689399765133857,32.856490964740516,33.72136502267792],[27.95264523327351,39.28405816420913,33.90795606715605],[26.964164711833,36.78986790522933,40.6623562152125],[21.453351893424987,37.24685575306415,35.960781534649435],[24.44324017988486,36.374067301680725,30.510829556616166]],faces=[[0,1,2],[0,2,3],[2,1,3],[1,0,4],[0,3,4],[3,1,4]]);
polyhedron(points=[[0.520873463898897,33.13978368937969,3.933557005524633],[6.237156095132232,39.89555786669254,6.751930395960805],[1.4883807611465452,43.50182906508446,2.1511866581439945],[5.814370797723532,37.69914008319378,0.4744307142496078]],faces=[[0,1,2],[0,2,3],[2,1,3],[1,0,3]]);
polyhedron(points=[[36.48354163974524,36.64784884680062,49.37524954169989],[41.59650794863701,33.48965943917632,43.66798986852169],[46.11606465280056,38.214073708392675,46.39405224174261],[36.03324906110763,40.44869043629616,41.903694171011445],[37.612996989773386,41.483765624621434,45.44307769605426]],faces=[[0,1,2],[1,0,3],[2,1,3],[0,2,4],[2,3,4],[3,0,4]]);
polyhedron(points=[[28.721405521519483,33.636306884586816,25.591213036924596],[31.974759125281125,45.29847292244435,23.088039861917494],[35.069333207886665,41.13288147479296,30.443314283043147],[26.535920883119108,41.078229074776175,29.526369068175555]],faces=[[0,1,2],[0,2,3],[2,1,3],[1,0,3]]);
polyhedron(points=[[49.56381345652044,39.46117971405387,15.8249627584219],[49.68113553121686,33.70877580046653,10.629745174646377],[47.273853609189395,40.74190762221813,7.111982815861701],[43.87572644278407,37.39610510006547,14.548039305210114]],faces=[[0,1,2],[0,2,3],[2,1,3],[1,0,3]]);
polyhedron(points=[[10.04839059472084,40.350140280127526,7.852016409412025],[11.5339635938406,42.742687445878985,0.8716090160608296],[4.125960812568663,42.04272259801626,0.5810201519727693],[8.63194074869156,33.715249649584294,1.5374384512752308],[12.574304148500707,38.51864245582539,3.759466221138161]],faces=[[0,1,2],[0,2,3],[2,1,3],[1,0,4],[0,3,4],[3,1,4]]);
polyhedron(points=[[2.3157908711582413,41.146299946904186,22.09691172927618],[2.1201699173077957,33.81276966392994,12.610096056759357],[8.105563881099226,39.437853550314905,16.432201754152775],[2.277091173306106,45.00746054291725,12.278783643841745]],faces=[[0,1,2],[0,2,3],[2,1,3],[1,0,3]]);
polyhedron(points=[[23.05531267732382,39.69532603383064,35.749061126112935],[18.79826821625233,33.90241157621145,30.266651847660544],[21.770723302066326,42.96443570524454,27.54613183259964],[15.269418184757233,40.03422030359506,31.565319454967977]],faces=[[0,1,2],[0,2,3],[2,1,3],[1,0,3]]);
polyhedron(points=[[20.720653981901705,42.549879956096404,15.551724545489996],[20.96472773011774,38.52982597053051,9.168614598810674],[15.51723898526281,36.910759978964926,16.260666006365792],[23.57747996971011,34.046391933411364,15.41089340141043]],faces=[[0,1,2],[0,2,3],[2,1,3],[1,0,3]]);
polyhedron(points=[[5.29144887983799,41.529545600414274,31.668920906633133],[11.676360208690168,34.14984532505274,34.04217470109463],[8.111064940392971,40.984318257868296,41.32637337774038],[14.360413940548899,44.26269237577915,30.807305040061472],[11.472070104841823,42.95850786078185,29.096734113266645]],faces=[[0,1,2],[0,2,3],[2,1,3],[1,0,4],[0,3,4],[3,1,4]]);
polyhedron(points=[[16.23434480071068,42.83736396809108,28.434791811704635],[19.751194885969163,33.4869941858016,28.804313756525513],[25.57350573003292,37.47864666507579,25.120999151170253],[20.02299138605595,34.83250272138975,23.5849619358778]],faces=[[0,1,2],[0,2,3],[2,1,3],[1,0,3]]);
polyhedron(points=[[36.02304451651871,41.57481577642262,31.579827049002056],[34.95000484868884,34.62061503708363,31.683160085380074],[40.41466448485851,38.50820566430688,24.83619462415576],[33.03366006217897,37.761264404654504,24.683385312259194]],faces=[[0,1,2],[0,2,3],[2,1,3],[1,0,3]]);
polyhedron(points=[[13.272619763091207,41.84127937570214,26.077643696255983],[7.3262839736044425,34.62431007236242,24.820882956795394],[14.276813529282808,37.47571078032255,14.799203842021523],[5.648168507292868,44.37750352755189,16.725739619694654]],faces=[[0,1,2],[0,2,3],[2,1,3],[1,0,3]]);
polyhedron(points=[[44.87827585458756,44.54988567948341,5.627661451911555],[39.38303962469101,42.45387645587325,11.711182070262732],[42.57577659666538,34.6743319388479,12.884474139632658],[42.05180190384388,36.552162003591654,4.299294862728568]],faces=[[0,1,2],[0,2,3],[2,1,3],[1,0,3]]);
polyhedron(points=[[21.824557365477084,42.50311283598654,23.836582407057286],[27.424820183813573,41.9972665339429,16.609772798269987],[20.755979627370834,36.36531753763556,17.129592682048678],[31.096190726161005,36.13293787296862,20.689427985623478],[21.02254850060364,35.1554632617645,20.55947907763134]],faces=[[0,1,2],[1,0,3],[2,1,3],[0,2,4],[2,3,4],[3,0,4]]);
polyhedron(points=[[41.20909989476204,43.05082977414131,41.969487673044206],[38.23999324560165,37.24062522053718,32.95467578828335],[30.75023672878742,40.59443921208381,39.86762570902705],[36.974931651353835,35.4058348929882,41.9529682046175],[39.43496754037088,39,43.05600331802832]],faces=[[0,1,2],[2,1,3],[0,2,4],[2,3,4],[1,0,4],[3,1,4]]);
polyhedron(points=[[17.975265026413254,35.44060703144176,8.106958636149068],[16.107530481211143,46.559087480895684,4.383216321588257],[14.102670757158194,37.62535407368559,0.04059674995718909],[22.319609288696086,37.996214965246615,2.677581022623923],[19.990061514742795,38.44240375020113,10.236476696801637]],faces=[[0,1,2],[0,2,3],[2,1,3],[1,0,4],[0,3,4],[3,1,4]]);
polyhedron(points=[[40.97831961452961,42.240161403459496,9.13500519156456],[34.95093181788921,43.167976419031625,1.4254555225372303],[41.4180400159955,35.58773953136522,0.13362614989280486],[43.21736414581537,43.71492700269446,1.2104078006744377]],faces=[[0,1,2],[0,2,3],[2,1,3],[1,0,3]]);
polyhedron(points=[[4.508890876173973,45.64828486084938,41.288286343663934],[9.183824365437033,39.366142293810846,41.46345530979335],[0.2382302463054664,36.000776422023776,37.27690991833806],[2.5390040512382983,38.69959784984589,44.39984489560128]],faces=[[0,1,2],[0,2,3],[2,1,3],[1,0,3]]);
polyhedron(points=[[9.574525265693666,36.06039613112807,49.201835049390795],[3.950314809679985,46.304796932190655,48.74019363924861],[5.779022701382633,44.00769304975867,43.55632050007582],[14.313840136528016,42.730961217731235,43.760892048925164]],faces=[[0,1,2],[0,2,3],[2,1,3],[1,0,3]]);
polyhedron(points=[[43.37150013387203,36.15656925290823,43.63790094614029],[49.99187294908334,38.27977236639708,36.473672168403866],[45.169519010344516,44.21627116248012,37.5566239720583],[41.016759910462426,38.35082394849509,36.65367263630032],[44.06923252849824,39.109746704863475,32.52230377553699]],faces=[[0,1,2],[3,0,2],[0,3,4],[1,0,4],[3,2,4],[2,1,4]]);
polyhedron(points=[[22.47854945611092,46.91217685813084,40.89031135834753],[22.66025018364191,43.35820221249014,47.74151169791818],[25.668643537563035,39.12472078308463,41.24559713244438],[19.188608310644046,39.27189641352743,42.169491500705476],[21.342111727339613,36.651478133114296,43.73092370142112]],faces=[[0,1,2],[0,2,3],[1,0,3],[2,1,4],[1,3,4],[3,2,4]]);
polyhedron(points=[[1.2497193450480728,37.232856808900834,28.83332814991474],[6.046337229534985,40.81748624920845,33.87481498539448],[0.5992208939418187,36.82148542165756,36.410697537958626],[1.2894304371997696,45.12453330755234,33.76859541088343]],faces=[[0,1,2],[0,2,3],[2,1,3],[1,0,3]]);
polyhedron(points=[[14.182283517383038,45.13158672243357,34.01672089636326],[8.861699033342305,39.28463290661573,40.61336495697498],[13.624794584400952,47.09610223129392,43.074760659337045],[15.917090743221344,36.86571950525045,39.24969186902046],[15.066040244558714,38.53457614065296,43.508305134186465]],faces=[[0,1,2],[0,2,3],[1,0,3],[2,1,4],[1,3,4],[3,2,4]]);
polyhedron(points=[[31.184434516429903,36.92840627104044,8.234906222522259],[26.073115806877617,43.62796328142285,10.137971507161854],[24.164638659954075,37.46232119619847,15.08658473610878],[21.8157572555542,37.87935563325882,4.569012140929699]],faces=[[0,1,2],[0,2,3],[2,1,3],[1,0,3]]);
polyhedron(points=[[27.7681775444746,36.95750784933567,0.669060194082558],[26.056008094549178,44.77002390384674,1.4447313892841351],[29.199220847338438,40.1691365212202,8.164876056350767],[23.378106110244985,38.19466129481793,4.156713187806309],[21.85467027507473,39.96551874285634,4.477839460926912]],faces=[[0,1,2],[3,0,2],[0,3,4],[1,0,4],[3,2,4],[2,1,4]]);
polyhedron(points=[[23.66345301596448,45.93220791518688,13.562373381853103],[31.0110779936891,46.133167039155964,14.11863095700741],[28.244724272815507,39.9716065967083,9.984848362207412],[29.448914438840003,37.17694552183151,16.12009028851986]],faces=[[0,1,2],[0,2,3],[2,1,3],[1,0,3]]);
polyhedron(points=[[12.454304793775082,41.5846298211813,13.249379607588052],[10.043105506002904,44.021573098301886,21.852833908647302],[18.352748309075835,45.6098552942276,16.128255432993175],[17.07771471709013,37.350353152155876,19.234284253269436]],faces=[[0,1,2],[0,2,3],[2,1,3],[1,0,3]]);
polyhedron(points=[[24.59533494263887,42.121550014019014,31.199708902686837],[25.140855945050717,37.3763554918766,38.62393542155623],[27.367730056941507,45.117529510855675,38.45944266498089],[31.45758923113346,43.392524315118784,32.95788753330707]],faces=[[0,1,2],[0,2,3],[2,1,3],[1,0,3]]);
polyhedron(points=[[46.66616624832153,44.83695057541132,25.256765545904635],[40.21112793207168,39.610330199375746,24.905315824225543],[42.875576852560044,45.18459885589778,30.003034768253563],[45.91866833269596,37.526690452992916,30.996376964822417],[47.336311953914674,40.09885896664437,29.8407773927415]],faces=[[0,1,2],[2,1,3],[0,2,4],[2,3,4],[1,0,4],[3,1,4]]);
polyhedron(points=[[20.37296696208417,41.13217515535653,48.91545675076544],[18.541608093976976,46.24343909543008,43.18465329062194],[10.887026007026433,43.61706260219216,49.471570178419356],[18.65665905438364,36.84558141872287,44.02348350301385],[18.772242606450355,41.42607118592379,40.79353870065597]],faces=[[0,1,2],[3,0,2],[0,3,4],[1,0,4],[3,2,4],[2,1,4]]);
polyhedron(points=[[34.55907035470009,37.89250877693295,2.961022548638284],[34.958705678849945,38.63573528729379,11.825705731417983],[31.119831312131137,42.6654275085032,5.6743380812928095],[37.16897331942804,43.809135061278944,6.274350008945911],[39.51816963258362,42.00413872920517,7.1166589839753485]],faces=[[0,1,2],[0,2,3],[2,1,3],[1,0,4],[0,3,4],[3,1,4]]);
polyhedron(points=[[25.94715963423252,40.483502436727285,40.221224355697636],[30.049722413569693,38.10611735973507,48.12283950805664],[27.33948099181056,44.47880584757775,48.82784340620041],[31.88320122465491,43.66676751155406,42.76695252299309]],faces=[[0,1,2],[0,2,3],[2,1,3],[1,0,3]]);
polyhedron(points=[[14.620219756513833,46.593541482686994,20.387077522724866],[20.400895636174827,38.34136558383703,19.026827528625724],[15.960557556357234,38.52635455042124,22.93293518140912],[20.931831786837428,45.02459760814905,27.942662688940764]],faces=[[0,1,2],[0,2,3],[2,1,3],[1,0,3]]);
polyhedron(points=[[24.350210033655166,44.59192429929972,11.937260625958443],[16.82579986527562,44.46930101916194,7.418531073331835],[21.806138067394492,38.60190209060907,7.74786556094885],[22.50972135975957,44.64028647452593,2.8082923331856744]],faces=[[0,1,2],[0,2,3],[2,1,3],[1,0,3]]);
polyhedron(points=[[1.4698248887062086,45.938169228956106,20.90991443485022],[0.34188418090343675,37.81708679489791,22.746044360846284],[1.0892182645201673,43.242612931355836,28.978223645165563],[6.896042175889016,39.57223348788917,23.120305410176513]],faces=[[0,1,2],[0,2,3],[2,1,3],[1,0,3]]);
polyhedron(points=[[41.359405075311656,39.007007274031636,12.031609132438895],[45.076210192739964,46.365789230465886,6.169034033566716],[48.96449097305536,42.008255364894865,12.242037492096426],[45.36111952662468,47.64778028488159,13.475881907343867],[43.285099447106646,46.86371799468204,6.682504172069451]],faces=[[0,1,2],[1,3,2],[3,0,2],[1,0,4],[0,3,4],[3,1,4]]);
polyhedron(points=[[34.1851831549406,47.47812873065472,24.89266584679484],[38.44158324182033,43.11848195552826,16.420833906456828],[34.40468506276608,39.186653622984885,22.32232358716428],[41.55519308745861,46.23017730653286,26.899048576951028],[42.0104357482778,41.00441835457492,21.300658678451523]],faces=[[0,1,2],[0,2,3],[1,0,3],[2,1,4],[1,3,4],[3,2,4]]);
polyhedron(points=[[10.285308042019606,40.14407160520554,8.62575280465186],[16.046622727513313,45.92990970611572,8.044089087545872],[12.515313632562757,44.1905233168602,1.603957820087671],[15.13540595509112,39.21783119678497,4.597759646549823]],faces=[[0,1,2],[0,2,3],[2,1,3],[1,0,3]]);
polyhedron(points=[[8.571262975633143,48.22816063946113,8.436501673460006],[0.34293787986040103,48.16575557857752,10.619520522356032],[5.233699076324701,39.447571303704756,6.305089290738104],[1.5417902649939066,45.88530884731561,4.2291203719377535]],faces=[[0,1,2],[0,2,3],[2,1,3],[1,0,3]]);
polyhedron(points=[[47.45203601241112,47.79159569263459,13.431142749488352],[40.89170175075531,39.54774032890796,15.393887774348258],[38.95345224261284,47.36691926300526,21.73562524437904],[46.60929964005947,43.65160362780094,23.34352212905884]],faces=[[0,1,2],[0,2,3],[2,1,3],[1,0,3]]);
polyhedron(points=[[38.45360697835684,39.795400522304696,33.10777139469981],[35.731489337682724,48.503222351446745,31.224047092199328],[43.15882682394236,47.04262799131684,35.78491603597998],[34.659563135020434,47.03109275762923,37.000352968126535]],faces=[[0,1,2],[0,2,3],[2,1,3],[1,0,3]]);
polyhedron(points=[[24.80636946797371,45.55053400039673,29.748005764223635],[20.9866765999794,49.66996596395969,41.411741229183974],[30.28260741710663,46.34907725036144,40.48531208762899],[18.244924076199528,39.899655258059504,39.63888544768095]],faces=[[0,1,2],[0,2,3],[2,1,3],[1,0,3]]);
polyhedron(points=[[36.029070300087334,42.36059359572362,48.93124453738332],[32.86318349547685,41.65833567886148,41.052761328071355],[31.492443319782616,44.74460728665814,47.96088697388768],[30.473653731420637,39.07340786746703,49.05064205870032]],faces=[[0,1,2],[0,2,3],[2,1,3],[1,0,3]]);
polyhedron(points=[[42.840723095536234,48.70561905354262,11.25435307085514],[36.46760757684708,49.99815333008766,19.504247354865075],[40.51528773635626,40.28262437060476,14.193486874699593],[34.656424284279346,47.37411192759871,13.600678858757018],[36.664925239944374,47.68084957876333,10.169526671344752]],faces=[[0,1,2],[2,1,3],[0,2,4],[2,3,4],[1,0,4],[3,1,4]]);
polyhedron(points=[[35.670023224651814,41.75503510832787,18.220684897303585],[33.548119041025636,47.8791465267539,17.234489365816117],[32.71142293393612,45.668653544783595,23.53139810264111],[27.703527934849262,41.891105566918846,17.93113756656647],[34.0762062846369,40.436996426238174,16.670679799569484]],faces=[[0,1,2],[2,1,3],[0,2,4],[2,3,4],[1,0,4],[3,1,4]]);
polyhedron(points=[[6.264457258097825,46.80225514262915,40.632997081130746],[1.1760838870704164,46.874054200947285,32.66811176836491],[0.4942311291769159,41.32601465851068,40.84413341417908],[5.709893015995619,40.44995877191425,35.03204293698072],[4.978108307996456,47.19309537109335,35.350351206149966]],faces=[[0,1,2],[1,3,2],[3,0,2],[1,0,4],[0,3,4],[3,1,4]]);
polyhedron(points=[[5.366432381272318,40.54564523220063,26.88419659793377],[2.1007301110029237,48.5207970353961,29.650177265405656],[10.846406165659428,48.959148438870905,23.860133674144745],[10.660362416282293,44.905496364831926,33.22824945151806]],faces=[[0,1,2],[0,2,3],[2,1,3],[1,0,3]]);
polyhedron(points=[[5.0658614073164046,45.305391417993235,15.182882929854095],[6.086467173791605,40.79375265639741,21.470703168679027],[0.51954535263474,45.98844971619546,20.397108044326306],[8.797739820595599,46.69438353123609,19.92081346252933]],faces=[[0,1,2],[0,2,3],[2,1,3],[1,0,3]]);
polyhedron(points=[[39.55249078512192,48.63215368628502,37.86320590108633],[37.446346684098245,41.04397920578718,43.965849704146386],[35.38734663248062,46.95127113178373,49.1810504385829],[44.077646702528,42.89780230864883,45.918463446199894]],faces=[[0,1,2],[0,2,3],[2,1,3],[1,0,3]]);
polyhedron(points=[[24.33294559556991,49.139603161513804,21.55351791501045],[24.97736025094986,47.14579236894846,29.554220659285782],[28.649451807662846,45.23658061504364,25.97292845278978],[21.0840397631377,41.270517403185366,24.551701141446827]],faces=[[0,1,2],[0,2,3],[2,1,3],[1,0,3]]);
polyhedron(points=[[29.500850489139555,49.630099202506244,49.27473606899381],[24.99757152915001,48.19139745201915,41.97772854700685],[20.278979790508746,49.936885658502575,48.353931524902585],[24.34355772852898,41.40407436799258,46.17555095031857]],faces=[[0,1,2],[0,2,3],[2,1,3],[1,0,3]]);
polyhedron(points=[[10.148559080958366,41.47211950808764,40.857287108749155],[13.23878616154194,49.27134142547846,40.72486831799149],[6.145454950332644,49.293927404284474,38.1599037989974],[12.705181839466096,44.611484930217266,33.873773102834825]],faces=[[0,1,2],[0,2,3],[2,1,3],[1,0,3]]);
polyhedron(points=[[5.903099437355995,41.49224259320647,7.713216373324394],[8.426258777230977,42.36174042928964,15.872121770381927],[2.8915907762944695,48.8090196563676,13.070686645507811],[14.786416703462601,49.966816187724476,8.812843277454377],[13.104580429294709,45.48941095679584,5.744576639542707]],faces=[[0,1,2],[2,1,3],[0,2,4],[2,3,4],[1,0,4],[3,1,4]]);
polyhedron(points=[[34.554185072742406,47.748248735517265,35.52178515233099],[32.00729172002524,44.60613608106971,25.78389697767794],[30.09718133058399,41.64879689007997,31.815897117555142],[36.76497524492443,42.053037635684014,33.26283005982637]],faces=[[0,1,2],[0,2,3],[2,1,3],[1,0,3]]);
polyhedron(points=[[49.39057286843658,45.615138189941646,45.451790985465045],[46.15609522074461,40.84730644136667,44.423182793110605],[46.0265987380594,47.49026972360909,38.50627735868096],[44.27551956318319,47.28757313795388,48.053692456483844]],faces=[[0,1,2],[0,2,3],[2,1,3],[1,0,3]]);
polyhedron(points=[[36.6176286265254,42.26420169144869,10.977762763202191],[36.3904968778789,47.65035499662161,4.173898936808111],[29.76885082148016,47.6209063526988,12.592463785111905],[30.205631201788783,42.035370986759666,5.842159140408036]],faces=[[0,1,2],[0,2,3],[2,1,3],[1,0,3]]);
polyhedron(points=[[46.74347525972873,44.60921795666218,0.4933359938859958],[48.15333816941828,42.0552449901402,6.08333686619997],[44.340244751404974,48.293483222723005,6.766419162750245],[49.61327077191323,48.41350523144007,5.82716865956783]],faces=[[0,1,2],[0,2,3],[2,1,3],[1,0,3]]);
polyhedron(points=[[36.112094918489454,48.202873307392,37.34161286756396],[37.58512410581112,43.7339068524167,42.86982439503073],[34.3531576859951,42.27992365635932,37.243588938266036],[29.227897446751594,46.940116263516245,41.829448635876176],[35.07311845566581,45.086669123247496,44.668866037799496]],faces=[[0,1,2],[3,0,2],[0,3,4],[1,0,4],[3,2,4],[2,1,4]]);
polyhedron(points=[[49.59368987858296,43.00400666713715,39.52572575210594],[41.857025722861295,46.60179981470108,39.522023346079514],[45.61813235938549,42.347432856559756,32.18861788769252],[48.5208867841959,47.65991259813309,34.26006045703776]],faces=[[0,1,2],[0,2,3],[2,1,3],[1,0,3]]);
polyhedron(points=[[21.747866554111244,42.383521471023556,15.790005244612692],[21.037506611943247,48.508711923956874,13.380040408968926],[28.454141335785387,47.67881276547909,19.321218085885047],[20.27109066486359,47.59612880527973,19.012606227993967],[26.13175206383848,47.96876443813499,20.9719169772351]],faces=[[0,1,2],[1,0,3],[0,2,4],[1,3,4],[3,0,4],[2,1,4]]);
polyhedron(points=[[13.381696229577067,47.715592298060656,31.01445811734535],[8.874257083535195,47.381831211149695,21.43500120553188],[8.372533247470855,42.63246145300567,29.415625209016724],[16.92719781219959,42.469581930860876,24.129598405426368],[13.143839206768629,46.22586817438882,32.05942477837941]],faces=[[0,1,2],[1,0,3],[2,1,3],[0,2,4],[2,3,4],[3,0,4]]);
polyhedron(points=[[14.965582833886145,48.938895593881604,28.557273555397984],[15.765194783806802,42.66995269834995,32.118562218286094],[11.135186742842198,48.60216089189053,35.831314834915105],[19.907551970779895,47.14271459519863,35.68561672713608],[16.344132836884505,48.69074461156657,26.98871720524211]],faces=[[0,1,2],[1,3,2],[3,0,2],[1,0,4],[0,3,4],[3,1,4]]);
polyhedron(points=[[29.349560204185543,46.23674088899046,8.195591156929734],[32.73415872316808,42.6818996245414,3.8999076184630352],[36.62468113608658,48.135717269591986,3.3819222714006902],[27.559672983884813,49.90467392809689,2.3800625416636443]],faces=[[0,1,2],[0,2,3],[2,1,3],[1,0,3]]);
polyhedron(points=[[27.45255299806595,49.84883812308311,32.36284263968467],[33.25666224658489,47.16631763398647,33.35344722688198],[33.67358713746071,47.304647213816644,28.556371159553525],[28.898198491334917,42.75736525475979,31.40543963506818],[29.8903552367175,47.445256755643896,35.88583001350571]],faces=[[0,1,2],[0,2,3],[2,1,3],[1,0,4],[0,3,4],[3,1,4]]);
polyhedron(points=[[17.83130233198404,48.254795637130734,7.54225207298994],[18.094429783523083,43.259580924510956,10.849969388544558],[14.855345887541771,49.45962537050247,15.352544681429864],[22.433720833659173,49.05138625085354,13.027339996695517],[23.161869197443902,47.25580336057494,10.001311985478807]],faces=[[0,1,2],[0,2,3],[2,1,3],[1,0,4],[0,3,4],[3,1,4]]);
polyhedron(points=[[21.173193358406426,43.61723400972784,24.347552894055845],[22.515028328113257,47.51089421484619,19.802160717695948],[23.905628426112237,49.348313996326176,26.17290779300034],[17.027066291198132,48.318052378911524,26.068783895894885]],faces=[[0,1,2],[0,2,3],[2,1,3],[1,0,3]]);
polyhedron(points=[[3.5237385454773937,44.50478915721178,1.1994703087210672],[6.819931657314301,49.874761591553685,0.9727396288514143],[12.053786650002005,44.299668843597175,0.2582439044117937],[7.868272911608217,49.21891300678253,7.944206166863439],[9.405338774241192,46.93927225682674,7.891772181001824]],faces=[[0,1,2],[1,0,3],[2,1,3],[0,2,4],[2,3,4],[3,0,4]]);
polyhedron(points=[[35.23242943644524,49.66372223585844,25.410710761547087],[36.914817634820935,49.899556623548264,31.533728987574577],[42.67881166815757,49.86041813135147,26.542082090079784],[41.212750261724,44.60435858353972,27.109799501150846]],faces=[[0,1,2],[0,2,3],[2,1,3],[1,0,3]]);
